0.1804,0.0000,0.0000,6.1296,0.1019,3.2988,19.4857,0.0000,0.0000,0.0000,0.0000,0.0000,0.0000,0.0000,0.5368,0.0000,0.0000,0.0000,0.0000,11.9971,0.0000,0.0000,57.5271,0.0441,0.6985,0.0000,0.0000,0.0000,0.0000,-16.5188,0.0000,0.0000,-14.0580,0.0000,-14.1809,0.1889,0.0000,0.0000,0.0000,0.0000,0.0000,0.0000,0.0000,-48.2489,0.0000,0.0000,0.0000,0.0000,-50.1146,0.0000,0.0000,12.9624,32.4263,-15.1324,0.0000,0.0000,0.0000,0.0000,-4.1880,
166.6787,0.0000,0.0000,243.3397,0.0000,0.0000,-533.2206,0.0000,0.0000,40.4655,0.0000,0.0000,0.0000,0.0000,0.0000,0.0000,0.0000,0.0000,0.0000,65.6930,0.0000,0.0000,81.7044,1.5001,27.3967,0.2878,5.1117,1.0432,0.0000,6.2368,0.0000,0.0000,6.2369,0.0000,0.0000,-9.7638,0.0000,0.0000,3.3564,0.0000,0.0000,0.0000,0.0000,0.0000,0.0000,0.0000,0.0000,0.0000,6.3299,0.0000,0.0000,12.5045,-80.1280,28.0114,0.0000,5.7887,380.6269,0.0000,0.0000,
3.9000,0.0000,0.0000,11.2698,0.0000,8.8040,57.3869,0.0000,0.0000,3.3045,0.0000,0.0000,0.0000,0.1283,2.0863,0.0000,0.0046,0.0007,0.0000,2.6474,0.0000,0.0000,6.9090,0.0080,0.0000,0.4896,0.0000,3.0608,0.0000,4.0538,0.0000,0.0000,4.0542,0.0000,5.2306,3.7967,0.0000,0.0000,-79.1406,0.0000,0.0000,0.0000,10.4443,5.8908,0.0000,52.1739,8142.8571,0.0000,3.9510,0.0000,0.0000,-2.9816,15.0000,0.0000,-76.8382,0.0000,-11.7061,0.0000,-22.8804,
66.5247,0.0000,0.0000,20.8928,0.0000,0.0000,-43.4735,0.0000,0.0000,3.7819,0.0000,0.0000,0.0000,0.0000,0.0000,0.0000,42.5417,0.0000,0.0000,0.0000,0.0000,0.0000,0.5318,0.0000,0.0000,0.0000,9.2006,0.0000,0.0000,-1.7711,0.0000,0.0000,-1.7709,0.0000,0.0000,1.8510,0.0000,0.0000,4.0350,0.0000,0.0000,0.0000,0.0000,0.0000,0.0000,4.3698,0.0000,0.0000,0.0000,0.0000,0.0000,-53.6480,0.0000,0.0000,0.0000,-10.6808,0.0000,0.0000,141.8838,
42.2778,0.0000,-12.0819,9.4849,0.0000,18.2635,9.8838,0.0000,0.0000,0.0000,0.0000,0.0000,0.0000,0.0000,0.1499,0.0000,0.1100,0.0000,0.0000,9.4684,0.0000,0.0000,22.2837,0.0556,0.0000,0.1043,0.0000,0.0000,0.0000,-22.3439,0.0000,-8.7759,63.0866,0.0000,-22.3440,104.5974,0.0000,0.0000,0.0000,0.0000,0.0000,0.0000,0.0000,890.6604,0.0000,0.0000,0.0000,0.0000,4.8667,0.0000,0.0000,-23.5491,521.4029,0.0000,-35.8581,0.0000,0.0000,0.0000,-8.8514,
8.4873,0.0000,0.0000,98.2626,0.0000,0.0000,-8.1386,0.0000,0.0000,0.0000,0.0000,0.0000,0.0000,0.0229,1.0947,0.0000,0.0000,0.0000,0.0000,0.0000,0.0000,0.0000,0.0709,0.0000,0.0000,0.0000,0.2003,0.0000,0.0000,-1.6542,0.0000,0.0000,-9.7993,0.0000,0.0000,-104.0928,0.0000,0.0000,0.0000,0.0000,0.0000,0.0000,82.0961,-9.3724,0.0000,0.0000,0.0000,0.0000,0.0000,0.0000,0.0000,65.5853,0.0000,0.0000,0.0000,-24.4134,0.0000,0.0000,-50.2382,
0.0000,14.2708,0.0000,244.5859,0.0000,2.1480,-372.9104,0.0000,0.0000,0.0000,0.0000,0.0000,1.7543,0.0000,0.0000,0.0000,0.0000,0.0000,0.0000,0.0000,0.0000,0.0000,1.1658,0.0000,0.0000,5.3775,203.0490,0.5591,0.0000,0.0000,0.0000,0.0000,0.0000,0.0000,41.4432,27.3714,0.0000,0.0000,0.0000,0.0000,0.0000,0.0000,0.0000,0.0000,0.0000,0.0000,0.0000,0.0000,0.0000,0.0000,0.0000,0.0000,0.0000,0.0000,361.6978,58.6244,25.7736,0.0000,-15.7658,
2.0885,0.0000,-0.6347,44.2409,0.0000,0.8006,5.4210,0.0000,0.0000,4.7032,0.0000,0.0000,0.0000,0.0834,0.2196,0.4549,0.0000,0.4140,0.2811,9.2597,0.0000,0.0000,28.8268,0.0000,0.0000,3.7710,0.0000,0.0700,0.0000,-11.6974,0.0000,11.6906,-10.8196,0.0000,-81.8636,111.4278,0.0000,0.0000,-4.7648,0.0000,0.0000,0.0000,44.3645,0.0000,-9.2548,0.0000,-17.1498,64.7812,-26.8140,0.0000,0.0000,5.3353,0.0000,0.0000,3.1053,0.0000,-39.8571,0.0000,-2.6791,
9.8903,0.0000,0.0000,22.4385,0.0000,0.0000,-2.4530,0.0000,0.0000,0.5364,0.0000,0.0000,0.0000,0.0663,0.0241,0.0000,0.0000,0.0000,0.0000,17.1076,0.0000,0.0000,52.0793,0.0000,0.0000,0.0271,0.2833,0.0000,0.0000,-1.3528,0.0000,0.0000,-12.1367,0.0000,0.0000,-387.9046,0.0000,0.0000,-88.3669,0.0000,0.0000,0.0000,-1.3575,-13.6929,0.0000,0.0000,0.0000,0.0000,-4.7406,0.0000,0.0000,26.1605,0.0000,0.0000,-23.2472,15.4253,0.0000,0.0000,-68.3398,
0.0709,0.0000,0.0000,77.8070,0.0000,0.0000,6.6455,0.0000,0.0000,15.2840,0.0000,0.0000,0.0000,0.0000,0.0580,0.0000,0.0000,0.0000,0.0000,0.0000,0.0000,0.0000,0.1346,0.0000,0.0000,0.0000,0.0000,0.0000,0.0000,-12.9760,0.0000,0.0000,-12.0508,0.0000,0.0000,-7.0168,0.0000,0.0000,-21.2353,0.0000,0.0000,0.0000,0.0000,0.0000,0.0000,0.0000,0.0000,0.0000,0.0000,0.0000,0.0000,111.4413,0.0000,0.0000,0.0000,0.0000,0.0000,0.0000,11.1112,
1.2093,0.0000,0.0000,0.0000,0.1311,50.4976,20.8730,0.0000,0.0000,0.0000,0.0000,0.0000,0.3740,1.6746,0.0000,0.0000,0.0000,0.0000,0.0000,12.9139,0.0000,0.0000,4.7816,0.8981,2.2199,0.2100,4.2170,0.0000,0.0000,-0.0744,0.0000,0.0000,0.0000,-2.8223,17.1796,-27.5830,0.0000,0.0000,0.0000,0.0000,0.0000,38.8503,0.3822,0.0000,0.0000,0.0000,0.0000,0.0000,0.8975,0.0000,0.0000,9.5282,-3.8526,-58.8180,8.2857,-54.8660,0.0000,0.0000,0.8458,
2.3231,0.0000,0.0000,14.6535,0.0000,63.6209,12.0886,0.0000,0.0000,0.0000,0.0000,0.0000,0.0000,0.1071,0.5283,0.0000,0.0000,0.0232,0.0000,0.0000,0.0000,0.0000,4.5837,0.2758,0.9362,0.0598,0.7408,0.0589,0.0000,-11.1747,0.0000,0.0000,-4.5757,0.0000,0.8994,-8.5312,0.0000,0.0000,0.0000,0.0000,0.0000,0.0000,1.8674,-22.3737,0.0000,0.0000,-76.2931,0.0000,0.0000,0.0000,0.0000,43.5587,-39.2313,-52.8733,-50.5017,20.0729,19.1851,0.0000,-34.2732,
4.9756,0.0000,0.0000,52.1661,0.0036,17.9976,1.2097,0.0000,0.0000,11.5221,0.0000,0.0000,0.0000,0.0000,0.0001,0.0743,0.0000,0.1773,0.0000,8.8243,0.0000,0.0000,2.6077,0.0000,0.0000,0.0000,0.1509,0.2909,0.0000,53.7744,0.0000,0.0000,38.1558,488.8889,-9.2729,-1742.8123,0.0000,0.0000,68.1265,0.0000,0.0000,0.0000,0.0000,0.0000,8.8829,0.0000,26.1703,0.0000,-99.8572,0.0000,0.0000,41.9565,0.0000,0.0000,0.0000,-14.3804,-3.2657,0.0000,56.3174,
0.7382,0.0000,-0.0918,37.1979,0.0000,0.0000,27.2852,0.0000,0.0000,0.0000,0.0000,0.0000,0.0000,0.0000,1.4694,0.2274,3.1742,0.0000,0.0000,3.9902,0.0000,0.0000,24.0291,0.0000,0.2235,1.7567,0.0000,0.0000,0.0000,-16.2964,0.0000,-148.2571,-15.6783,0.0000,0.0000,-11.5081,0.0000,0.0000,0.0000,0.0000,0.0000,0.0000,0.0000,7.3976,81.3984,-59.4386,0.0000,0.0000,35.5120,0.0000,0.0000,41.9579,0.0000,21.0291,-41.2535,0.0000,0.0000,0.0000,-40.3917,
1.1763,0.0000,-0.0674,32.5230,0.0000,2.7515,27.7546,0.0000,0.0000,10.9318,0.0000,0.0000,0.0000,0.0000,0.2655,0.0193,0.6576,0.0000,0.0000,12.9239,0.0000,0.0000,2.6538,0.0000,0.8543,0.1844,7.3713,0.0000,0.0000,-12.4118,0.0000,-5.4896,-12.4094,0.0000,-12.4078,-21.6270,0.0000,0.0000,110.7860,0.0000,0.0000,0.0000,0.0000,275.8192,0.0000,-23.2208,0.0000,0.0000,29.6141,0.0000,0.0000,-50.5049,0.0000,-14.9479,9.1106,-61.2891,0.0000,0.0000,-43.9059,
4.6974,0.0000,0.0000,9.9525,0.0000,0.0000,13.0359,0.0000,0.0000,0.6682,0.0000,0.0000,0.0000,0.0000,0.0381,0.0000,0.0000,0.0000,0.1329,3.4900,0.0000,0.0000,64.0452,0.0000,0.0800,0.0000,3.8599,0.0000,0.0000,-25.6653,0.0000,0.0000,-25.6639,0.0000,0.0000,-23.4284,0.0000,0.0000,-54.9835,0.0000,0.0000,0.0000,0.0000,-17.0604,0.0000,0.0000,0.0000,-32.4304,32.7908,0.0000,0.0000,5.8260,0.0000,-48.8750,0.0000,62.0301,0.0000,0.0000,-86.4865,
60.4095,0.0000,0.0000,22.5682,0.0000,0.0000,10.5186,0.0000,0.0000,0.0000,0.0000,0.0000,0.0000,0.0000,0.0000,0.1020,0.0000,0.0137,0.0000,0.0000,0.0000,0.0000,1.6949,0.0000,0.0000,0.0926,1.9295,2.6710,0.0000,-5.0785,0.0000,0.0000,-5.0784,0.0000,0.0000,-3.6830,0.0000,0.0000,0.0000,0.0000,0.0000,0.0000,0.0000,0.0000,23.8235,0.0000,-35.0365,0.0000,0.0000,0.0000,0.0000,181.7452,0.0000,0.0000,38.2289,40.6478,12.1003,0.0000,4.9213,
6.2865,0.0000,0.0000,12.7650,0.0000,21.2992,0.8795,0.0000,0.0000,6.4128,0.0000,0.0000,0.0000,0.0000,0.0000,0.0000,0.0389,0.0562,0.0000,8.3335,0.0000,0.0000,28.0518,0.0000,0.1609,0.0000,14.1746,1.5411,0.0000,-10.3508,0.0000,0.0000,-8.5351,0.0000,-17.2307,795.6566,0.0000,0.0000,-20.5183,0.0000,0.0000,0.0000,0.0000,0.0000,0.0000,0.0000,0.0000,0.0000,-70.8238,0.0000,0.0000,-2.4872,0.0000,854.5681,0.0000,35.3823,2.1283,0.0000,-24.6759,
80.7372,0.0000,0.0000,43.4773,-23.1483,0.5938,-6.4346,0.0000,0.0000,0.0000,0.0000,0.0000,0.0000,0.0000,0.3240,0.0067,0.0000,0.0000,0.0000,2.9884,0.0000,0.0000,0.0159,0.0000,0.0000,0.0000,1.4396,0.0000,0.0000,8.5896,0.0000,0.0000,8.5895,-48.1500,8.5888,2.0903,0.0000,0.0000,0.0000,0.0000,0.0000,0.0000,0.0000,-84.2593,0.0000,0.0000,0.0000,0.0000,23.4473,0.0000,0.0000,8.1761,0.0000,0.0000,0.0000,-9.3637,0.0000,0.0000,5.5556,
6.0634,0.0000,0.0000,0.0000,0.0000,188.4584,-95.7204,0.0000,0.0000,0.0000,0.0000,0.0000,0.0000,0.0000,0.0000,0.0000,0.5011,0.0000,0.0000,0.0000,0.0000,0.0000,0.6975,0.0000,0.0000,0.0000,0.0000,0.0000,0.0000,-1.1083,0.0000,0.0000,0.0000,0.0000,-1.1087,-2.5471,0.0000,0.0000,0.0000,0.0000,0.0000,0.0000,0.0000,0.0000,0.0000,498.1042,0.0000,0.0000,0.0000,0.0000,0.0000,300.8889,0.0000,0.0000,0.0000,0.0000,0.0000,0.0000,-27.9968,
9.6477,0.0000,-0.0003,34.3793,0.0000,14.5883,6.6728,0.0000,0.0000,14.0604,0.0000,0.0000,7.5119,0.0000,0.2951,0.0000,0.0000,0.0000,0.0000,7.0431,0.0000,0.0000,5.2357,0.0000,0.5660,0.0000,0.0000,0.0000,0.0000,-3.0764,0.0000,0.0000,-3.0760,0.0000,3.3643,-12.6169,0.0000,0.0000,-10.3219,0.0000,0.0000,-30.2973,0.0000,39.5459,0.0000,0.0000,0.0000,0.0000,44.0388,0.0000,0.0000,53.0875,0.0000,0.0000,0.0000,0.0000,0.0000,0.0000,-8.9686,
5.5069,0.0000,0.0000,45.4227,0.0000,24.3735,-8.4089,0.0000,0.0000,2.6252,0.0000,0.0000,0.0000,0.0000,1.0477,0.0382,0.8938,0.0000,0.0000,2.1479,0.0000,0.0000,20.4441,0.0000,0.5441,5.3649,0.0000,0.0000,0.0000,0.1961,0.0000,0.0000,-18.9161,0.0000,0.1961,-123.0054,0.0000,0.0000,-81.7842,0.0000,0.0000,0.0000,0.0000,-21.2561,-12.3037,42.7277,0.0000,0.0000,0.0000,0.0000,0.0000,17.2436,0.0000,0.0000,-12.1270,0.0000,0.0000,0.0000,-41.6667,
48.9975,0.0000,0.0000,43.5259,0.0000,0.0000,-47.2398,0.0000,0.0000,0.4553,0.0000,0.0000,0.0000,0.0000,1.7488,0.0713,0.0000,0.0000,0.0000,3.4786,0.0000,0.0000,43.3030,0.0000,0.0000,1.1068,4.5485,0.0042,0.0000,7.1344,0.0000,0.0000,7.1344,0.0000,0.0000,-41.2690,0.0000,0.0000,-27.8278,0.0000,0.0000,0.0000,0.0000,34.2292,2.6648,0.0000,0.0000,0.0000,-92.0543,0.0000,0.0000,21.5539,0.0000,0.0000,215.6487,85.8327,-40.4762,0.0000,-58.5031,
2.5141,0.0000,0.0000,30.3611,0.0000,0.3249,-12.2581,0.0000,0.0000,0.2752,0.0000,0.0000,0.0000,0.0124,0.1403,0.3444,0.0000,0.0000,0.0000,0.0000,0.0000,0.0000,74.7150,0.1136,0.0000,2.2371,0.0568,1.1630,0.0000,232.2461,0.0000,0.0000,98.1032,0.0000,232.2561,-427.6723,0.0000,0.0000,88.6265,0.0000,0.0000,0.0000,42.7419,-24.3051,0.0000,0.0000,0.0000,0.0000,0.0000,0.0000,0.0000,7.3372,382.9225,0.0000,306.3475,0.0000,297.6612,0.0000,16.0326,
6.1298,0.0000,0.0000,10.1401,0.0000,31.7795,1.9518,0.0000,0.0000,0.2004,0.0000,0.0000,0.0000,0.0741,0.0000,0.1133,0.0000,0.1939,0.0000,9.1163,0.0000,0.0000,39.0333,0.6078,0.0000,0.0000,0.0000,0.6600,0.0000,-30.7384,0.0000,0.0000,-30.7393,0.0000,-30.7484,154.8571,0.0000,0.0000,7628.0938,0.0000,0.0000,0.0000,-24.6964,0.0000,-30.7149,0.0000,0.0000,0.0000,-20.6608,0.0000,0.0000,-2.9634,-34.4686,0.0000,0.0000,0.0000,-76.0000,0.0000,-3.4916,
10.8684,0.0000,0.0000,21.3530,18.4761,3.4546,7.0790,0.0000,0.0000,0.0000,0.0000,0.0000,0.0000,10.3645,4.1793,4.4941,0.0000,1.0188,0.0000,0.0000,0.0000,0.0000,15.4736,3.1523,0.0000,0.0400,0.0462,0.0000,0.0000,9.1209,0.0000,0.0000,9.1776,9.0560,232.7274,-138.5054,0.0000,0.0000,0.0000,0.0000,0.0000,0.0000,-2.2953,5.0487,9.1208,0.0000,9.1186,0.0000,0.0000,0.0000,0.0000,-20.3566,-18.2375,0.0000,1086.2500,-96.7532,0.0000,0.0000,-38.7317,
1.8000,0.0000,0.0000,0.0000,0.0000,41.7351,25.3042,0.0000,0.0000,0.0973,0.0000,0.0000,0.0000,0.0000,0.3488,0.0000,0.0000,0.0000,0.0000,0.4865,0.0000,0.0000,19.2412,1.9833,1.2416,0.0000,0.0000,7.7619,0.0000,-26.3444,0.0000,0.0000,0.0000,0.0000,13.0526,-51.6776,0.0000,0.0000,261.7677,0.0000,0.0000,0.0000,0.0000,82.7122,0.0000,0.0000,0.0000,0.0000,3064.7482,0.0000,0.0000,-27.3320,-30.0862,0.0000,0.0000,0.0000,-3.2518,0.0000,1.1326,
22.7119,0.0000,0.0000,54.8681,0.0000,0.0000,10.5202,0.0000,0.0000,0.0000,0.0000,0.0000,0.0000,0.0000,0.1467,0.0000,0.0000,0.0000,0.0000,0.4270,0.0000,0.0000,11.0666,0.2596,0.0000,0.0000,0.0000,0.0000,0.0000,-3.1107,0.0000,0.0000,6.8902,0.0000,0.0000,-13.8277,0.0000,0.0000,0.0000,0.0000,0.0000,0.0000,0.0000,-4.2945,0.0000,0.0000,0.0000,0.0000,-66.8150,0.0000,0.0000,-12.8477,-4.8536,0.0000,0.0000,0.0000,0.0000,0.0000,-42.5136,
14.3003,0.0000,-12.7378,15.3349,28.5775,0.1618,-0.7335,0.0000,0.0000,29.6930,0.0000,0.0000,0.0000,0.0450,7.0766,0.0000,0.0000,0.0043,0.0000,16.4120,0.0000,0.0000,1.4488,0.2031,0.0000,0.2123,0.0000,0.0018,0.0000,-14.6668,0.0000,14.6666,-14.6665,-5.4840,-14.6477,-667.6892,0.0000,0.0000,11.5468,0.0000,0.0000,0.0000,3.7778,54.8526,0.0000,0.0000,0.0000,0.0000,-56.4697,0.0000,0.0000,106.6262,-99.7538,0.0000,0.0000,0.0000,0.0000,0.0000,-6.4516,
84.2111,0.0000,0.0000,12.6050,0.0000,-15.0806,-2.0877,0.0000,0.0000,0.1441,0.0000,0.0000,0.0000,0.0632,0.0000,0.0000,1.5614,1.1748,0.0000,9.9810,0.0000,0.0000,6.7694,0.0000,0.0000,0.0000,0.0000,0.6581,0.0000,2.9655,0.0000,0.0000,-16.4649,0.0000,10.1203,87.3114,0.0000,0.0000,3518.8758,0.0000,0.0000,0.0000,-4.5886,0.0000,0.0000,-13.6352,-2.6643,0.0000,-51.7423,0.0000,0.0000,-60.6036,0.0000,0.0000,0.0000,0.0000,-32.7306,0.0000,98.4976,
8.6914,0.0000,0.0000,0.0000,0.0000,38.9393,18.1759,0.0000,0.0000,12.1500,0.0000,0.0000,0.4880,4.3317,2.1776,2.5934,0.0000,0.5230,0.0000,0.5772,0.0000,0.0000,8.8544,1.1705,0.0000,1.3275,0.0001,0.0000,0.0000,-9.1849,0.0000,0.0000,0.0000,0.0000,-1.5432,-3.0672,0.0000,0.0000,0.0000,0.0000,0.0000,-4.4877,-4.0608,20.2011,-13.8158,0.0000,-19.1013,0.0000,1835.4123,0.0000,0.0000,-20.0115,-11.8496,0.0000,28.0075,0.0000,0.0000,0.0000,-23.3228,
21.3233,0.0000,-6.3618,2.0293,0.0853,0.0000,25.5188,0.0000,0.0000,14.3012,0.0000,0.0000,0.0000,0.1804,0.0412,0.5226,0.2145,0.0000,0.0585,31.0901,0.0000,0.0000,10.1359,0.2790,0.0110,0.4224,0.0000,0.1484,0.0000,-9.3503,0.0000,59.7520,-7.0123,-36.4596,0.0000,-18.6055,0.0000,0.0000,-68.5900,0.0000,0.0000,0.0000,-10.0333,1293.6893,-13.0501,1235.7576,0.0000,-57.7778,26.5104,0.0000,0.0000,12.0611,28.9247,0.0000,-18.0871,0.0000,36.2534,0.0000,25.0182,
0.5311,0.0000,0.0000,14.4229,9.7439,0.0000,4.2176,0.0000,0.0000,3.5401,0.0000,0.0000,0.0000,0.0318,2.7634,0.0000,0.0000,0.0000,0.0000,17.3472,0.0000,0.0000,47.2963,0.0003,0.0000,0.1053,0.0000,0.0000,0.0000,26.1344,0.0000,0.0000,26.1078,30.2671,0.0000,31.9423,0.0000,0.0000,85.0965,0.0000,0.0000,0.0000,6.9182,42.4622,0.0000,0.0000,0.0000,0.0000,-22.8221,0.0000,0.0000,-17.8574,233.3333,0.0000,14.7198,0.0000,0.0000,0.0000,-58.3795,
5.1287,0.0000,0.0000,66.4753,0.0000,0.0000,8.7587,0.0000,0.0000,5.4623,0.0000,0.0000,0.0000,0.0350,2.3934,0.0000,0.0000,2.7484,0.0000,1.7042,0.0000,0.0000,4.3344,0.0000,0.8157,0.6861,1.0521,0.4058,0.0000,-7.8597,0.0000,0.0000,0.7264,0.0000,0.0000,-6.8640,0.0000,0.0000,-25.2549,0.0000,0.0000,0.0000,14.2857,8.5861,0.0000,0.0000,-28.0017,0.0000,-41.3919,0.0000,0.0000,77.5102,0.0000,-34.0812,9.3427,-0.2091,5.4214,0.0000,0.3919,
4.1489,0.0000,0.0000,9.1841,0.1929,0.0000,-1.1502,0.0000,0.0000,0.9016,0.0000,0.0000,0.0000,0.0826,1.8312,3.7030,0.0000,0.1630,0.0000,0.0000,0.0000,0.0000,0.0000,0.0241,0.0000,3.6219,52.3699,24.9269,0.0000,8.6674,0.0000,0.0000,-73.0066,-12.0788,0.0000,-899.2436,0.0000,0.0000,-41.5594,0.0000,0.0000,0.0000,22.1550,0.0000,4.6044,0.0000,0.0000,0.0000,0.0000,0.0000,0.0000,0.0000,12.8631,0.0000,-1.2121,-48.7734,-91.9701,0.0000,7.1971,
140.3622,0.0000,0.0000,0.8179,-72.5484,1.1823,-3.2499,0.0000,0.0000,0.0000,0.0000,0.0000,0.0000,0.0648,0.6019,0.0000,0.0000,0.0000,13.2561,0.0000,0.0000,0.0000,11.6717,0.3239,0.0000,4.8533,2.6642,0.0000,0.0000,237.8691,0.0000,0.0000,0.0000,95.8228,237.6723,-16113.4466,0.0000,0.0000,0.0000,0.0000,0.0000,0.0000,0.0000,267.5694,0.0000,0.0000,0.0000,0.0000,0.0000,0.0000,0.0000,192.8896,1.7907,0.0000,16.8421,4003.3143,0.0000,0.0000,-64.2857,
3.9967,0.0000,0.0000,32.0890,0.0000,0.0000,-3.4672,0.0000,0.0000,17.5597,0.0000,0.0000,0.0000,0.0238,1.7972,0.0000,0.0000,0.1046,0.0000,0.0000,0.0000,0.0000,46.1396,0.0075,0.0000,1.4864,0.0000,0.2626,0.0000,10.1409,0.0000,0.0000,7.6375,0.0000,0.0000,-54.7589,0.0000,0.0000,-7.1209,0.0000,0.0000,0.0000,-26.4706,22.5573,0.0000,0.0000,1505.2581,0.0000,0.0000,0.0000,0.0000,-2.7820,-78.6667,0.0000,-68.8778,0.0000,131.8355,0.0000,-58.3726,
145.0234,0.0000,0.0000,1.2843,-0.0061,0.7674,-105.9088,0.0000,0.0000,1.3576,0.0000,0.0000,0.0000,0.0000,2.7661,0.0000,0.0000,0.0000,0.0000,11.8705,0.0000,0.0000,41.8726,0.0000,0.0000,0.9729,0.0000,0.0000,0.0000,0.7031,0.0000,0.0000,0.7086,0.0000,0.0000,1.2284,0.0000,0.0000,-36.5866,0.0000,0.0000,0.0000,0.0000,-64.2095,0.0000,0.0000,0.0000,0.0000,-95.5621,0.0000,0.0000,26.6816,0.0000,0.0000,90.6671,0.0000,0.0000,0.0000,-9.4274,
13.0507,0.0000,0.0000,0.0000,0.0000,39.7717,-22.7483,0.0000,0.0000,12.4574,0.0000,0.0000,0.0000,0.0000,1.6444,0.0000,0.0000,0.3219,0.0000,48.0911,0.0000,0.0000,6.7359,0.0000,0.0000,0.4924,0.0000,0.1827,0.0000,27.7173,0.0000,0.0000,0.0000,0.0000,13.9018,-85.9919,0.0000,0.0000,-39.5155,0.0000,0.0000,0.0000,0.0000,18.1829,0.0000,0.0000,130.1957,0.0000,24.6886,0.0000,0.0000,35.3479,0.0000,0.0000,16.9171,0.0000,154.7345,0.0000,-53.5613,
0.4212,0.0000,0.0000,8.1802,0.0000,0.0000,30.7786,0.0000,0.0000,9.6514,0.0000,0.0000,0.0000,0.2126,0.0000,0.0000,0.0000,3.7199,0.0000,26.8571,0.0000,0.0000,19.6184,0.0000,0.0000,0.2744,0.0000,0.2864,0.0000,-11.7759,0.0000,0.0000,-11.7674,0.0000,0.0000,-0.1482,0.0000,0.0000,58.4185,0.0000,0.0000,0.0000,0.0000,0.0000,0.0000,0.0000,-18.5570,0.0000,-27.6679,0.0000,0.0000,17.8317,0.0000,0.0000,-14.6501,0.0000,-11.7668,0.0000,14.4940,
9.9836,0.0000,-0.8132,0.0000,0.0000,0.0000,29.9688,0.0000,0.0000,29.9341,0.0000,0.0000,0.0000,0.0000,0.0000,7.8362,1.0030,0.0000,0.0000,2.5435,0.0000,0.0000,14.3898,0.0000,0.0000,0.0000,0.0000,5.1541,0.0000,-1.8901,0.0000,1.8938,0.0000,0.0000,0.0000,-5.3339,0.0000,0.0000,-1.0152,0.0000,0.0000,0.0000,0.0000,0.0000,1.3948,87.3480,0.0000,0.0000,92.8602,0.0000,0.0000,-0.2439,0.0000,0.0000,0.0000,0.0000,-23.9867,0.0000,14.5570,
10.7883,0.0000,0.0000,19.0487,0.0000,2.8582,-1.3874,0.0000,0.0000,48.2472,0.0000,0.0000,0.0000,0.0269,0.2323,0.0000,0.8382,0.0000,0.0000,1.2492,0.0000,0.0000,17.1381,0.9427,0.0120,0.0000,0.0000,0.0000,0.0057,3.9997,0.0000,0.0000,-3.5750,0.0000,3.9990,-383.1195,0.0000,0.0000,5.5508,0.0000,0.0000,0.0000,-28.2528,0.0000,0.0000,0.0000,0.0000,0.0000,-1.8092,0.0000,0.0000,-39.3357,-9.0909,-95.8333,0.0000,0.0000,0.0000,0.0000,37.2303,
1.7175,0.0000,0.0000,27.9093,0.0000,0.0000,26.8842,0.0000,0.0000,0.0530,0.0000,0.0000,0.0000,0.0434,0.0584,0.0000,0.0000,0.0000,0.0000,28.0409,0.0000,0.0000,9.8665,0.0000,0.0000,1.3360,0.3869,3.7039,0.0000,-18.3755,0.0000,0.0000,13.8588,0.0000,0.0000,74.2377,0.0000,0.0000,-75.2830,0.0000,0.0000,0.0000,-23.2719,1756.8493,0.0000,0.0000,0.0000,0.0000,-79.3516,0.0000,0.0000,16.5712,0.0000,0.0000,-5.0973,-25.5105,0.0000,0.0000,-17.8170,
19.2573,0.0000,0.0000,0.0000,0.0000,48.4724,-13.2325,0.0000,0.0000,0.0000,0.0000,0.0000,0.0000,0.0013,0.0000,0.0000,1.2089,0.0000,0.0000,34.5545,0.0000,0.0000,9.7377,0.0004,0.0000,0.0000,0.0000,0.0000,0.0000,26.6008,0.0000,0.0000,0.0000,0.0000,26.6005,29.0845,0.0000,0.0000,0.0000,0.0000,0.0000,0.0000,30.7692,0.0000,0.0000,26.5944,0.0000,0.0000,-67.9446,0.0000,0.0000,11.8786,50.0000,0.0000,0.0000,0.0000,0.0000,0.0000,9.8403,
3.7216,0.0000,-3.1766,103.2456,0.0000,16.0420,-19.8461,0.0000,0.0000,0.0000,0.0000,0.0000,0.0000,0.0000,0.0000,0.0000,0.0000,0.0000,0.0000,0.0000,0.0000,0.0000,0.0071,0.0000,0.0000,0.0028,0.0036,0.0000,0.0000,-7.1072,0.0000,-13.9111,-6.0497,0.0000,-7.1070,38.3526,0.0000,0.0000,0.0000,0.0000,0.0000,0.0000,0.0000,0.0000,0.0000,0.0000,0.0000,0.0000,0.0000,0.0000,0.0000,5.6338,0.0000,0.0000,14.2857,-2.7778,0.0000,0.0000,-1.6994,
0.7591,0.0000,0.0000,43.1948,11.3764,0.0702,3.9391,0.0000,0.0000,7.9054,0.0000,0.0000,0.0000,0.0000,2.8140,0.0000,0.0000,0.0000,0.0000,2.5254,0.0000,0.0000,17.0809,0.0000,0.0000,6.7754,2.7217,0.8374,0.0000,5.0454,0.0000,0.0000,11.8267,3.4492,5.1282,15.0644,0.0000,0.0000,5.1964,0.0000,0.0000,0.0000,0.0000,3.5643,0.0000,0.0000,0.0000,0.0000,0.0000,0.0000,0.0000,-17.1683,0.0000,0.0000,4.9827,-53.5437,-12.3000,0.0000,20.1662,
22.0873,0.0000,0.0000,53.6578,0.0000,0.0000,4.5392,0.0000,0.0000,0.0000,0.0000,0.0000,0.0000,0.0305,0.5095,0.0000,0.0000,6.6230,0.0000,3.2401,0.0000,0.0000,5.7988,0.2787,0.4041,0.0284,2.8027,0.0000,0.0000,13.3135,0.0000,0.0000,25.6442,0.0000,0.0000,-552.7163,0.0000,0.0000,0.0000,0.0000,0.0000,0.0000,59.6721,-9.4995,0.0000,0.0000,-3.3973,0.0000,0.0000,0.0000,0.0000,0.0000,-18.8375,0.0000,1603.8732,619.8416,0.0000,0.0000,-63.2091,
7.9328,0.0000,0.0000,22.9920,5.2097,19.3854,6.7118,0.0000,0.0000,0.1183,0.0000,0.0000,0.0000,0.4953,4.0584,0.0089,0.0000,0.0000,0.0000,3.7569,0.0000,0.0000,20.6727,1.5075,0.0000,0.1074,7.0430,0.0000,0.0000,-2.6245,0.0000,0.0000,-1.8815,-5.9025,14.2551,20.4103,0.0000,0.0000,-23.2460,0.0000,0.0000,0.0000,12.2350,-41.9771,-38.2022,0.0000,0.0000,0.0000,-44.8162,0.0000,0.0000,0.6337,1.3400,0.0000,-68.9013,1.3531,0.0000,0.0000,-15.0768,
0.2402,0.0000,0.0000,53.5928,0.0000,0.0000,1.1047,0.0000,0.0000,5.4758,0.0000,0.0000,0.0000,0.0081,1.1689,0.0000,0.0000,0.0000,0.0000,22.8885,0.0000,0.0000,14.0183,0.0000,0.0000,0.2483,1.2544,0.0000,0.0000,5.4122,0.0000,0.0000,3.6038,0.0000,0.0000,7.0607,0.0000,0.0000,-21.6151,0.0000,0.0000,0.0000,4.9383,9.1625,0.0000,0.0000,0.0000,0.0000,11.9676,0.0000,0.0000,-30.9588,0.0000,0.0000,144.2207,23.6209,0.0000,0.0000,-53.8451,
7.5058,0.0000,0.0000,34.6081,0.0000,3.2257,-4.7319,0.0000,0.0000,1.0255,0.0000,0.0000,0.0000,0.0000,0.0176,0.0000,0.0000,0.0000,0.0000,28.4993,0.0000,0.0000,29.0629,0.0000,0.1443,0.0904,0.5523,0.0000,0.0000,1.1644,0.0000,0.0000,1.1645,0.0000,1.1656,-150.5019,0.0000,0.0000,-87.4988,0.0000,0.0000,0.0000,0.0000,650.5682,0.0000,0.0000,0.0000,0.0000,6.4798,0.0000,0.0000,-33.5823,0.0000,-55.0936,550.3319,110.8274,0.0000,0.0000,-30.4838,
28.8688,0.0000,-0.0639,50.8764,0.1086,3.1927,-8.3522,0.0000,0.0000,0.0000,0.0000,0.0000,0.0000,0.1245,0.0958,0.0383,0.0000,0.0000,0.0000,0.0000,0.0000,0.0000,3.7674,0.5460,0.0000,3.5535,17.2440,0.0000,0.0000,5.5537,0.0000,-638.3412,-11.7746,5.5249,5.5564,-51.0680,0.0000,0.0000,0.0000,0.0000,0.0000,0.0000,0.1606,526.2004,0.0000,0.0000,0.0000,0.0000,0.0000,0.0000,0.0000,-66.4543,1.2271,0.0000,271.9544,-92.0065,0.0000,0.0000,-25.2734,
86.6070,0.0000,0.0000,55.5924,-5.0801,5.0657,-213.4219,0.0000,0.0000,0.0000,0.0000,0.0000,0.0000,0.0000,0.0000,0.0000,0.0000,5.9172,0.0000,85.9287,0.0000,0.0000,0.0000,0.5340,0.0000,11.1849,66.7340,0.9381,0.0000,83.7843,0.0000,0.0000,12.7584,-12.7576,12.7584,-48.1993,0.0000,0.0000,0.0000,0.0000,0.0000,0.0000,0.0000,0.0000,0.0000,0.0000,6.7076,0.0000,17.3414,0.0000,0.0000,0.0000,0.0000,0.0000,-11.9760,70.9177,0.0000,0.0000,-79.1592,
1.0207,0.0000,0.0000,74.2945,0.0000,17.3886,-6.3833,0.0000,0.0000,9.0681,0.0000,0.0000,0.0000,0.0000,0.0800,0.0000,0.0000,0.0000,0.0000,0.0070,0.0000,0.0000,4.0637,0.1026,0.0922,0.1600,0.1061,0.0000,0.0000,28.9213,0.0000,0.0000,-6.4904,0.0000,28.9178,80.2641,0.0000,0.0000,25.6801,0.0000,0.0000,0.0000,0.0000,-97.2500,0.0000,0.0000,0.0000,0.0000,0.0000,0.0000,0.0000,-94.3180,37.6218,-17.3536,6.5000,-78.8878,0.0000,0.0000,-82.4858,
23.2157,0.0000,-3.9620,0.0000,6.2826,27.1777,1.4889,0.0000,0.0000,0.0000,0.0000,0.0000,0.0000,0.0000,3.4073,0.0288,0.0000,2.0193,0.0000,33.7942,0.0000,0.0000,4.0045,0.0000,0.0000,0.3992,2.1438,0.0000,0.0000,18.0249,0.0000,-18.0237,0.0000,16.6269,24.8862,-215.7969,0.0000,0.0000,0.0000,0.0000,0.0000,0.0000,0.0000,20.6791,5.9028,0.0000,13.2373,0.0000,-38.1503,0.0000,0.0000,111.9840,0.0000,0.0000,-14.0782,-26.8029,0.0000,0.0000,-28.6485,
54.5135,0.0000,0.0000,53.3755,0.0000,0.0234,-10.5059,0.0000,0.0000,1.6332,0.0000,0.0000,0.0000,0.0000,0.0000,0.0000,0.0000,0.0000,0.0000,0.2958,0.0000,0.0000,0.0857,0.0032,0.0000,0.5756,0.0000,0.0000,0.0000,-0.7288,0.0000,0.0000,-0.7279,0.0000,1347.8632,7.6395,0.0000,0.0000,-27.2532,0.0000,0.0000,0.0000,0.0000,0.0000,0.0000,0.0000,0.0000,0.0000,88.2691,0.0000,0.0000,194.8658,7612.5000,0.0000,-97.1161,0.0000,0.0000,0.0000,13.1981,
1.2658,0.0000,0.0000,34.1817,0.0000,0.0000,2.4781,0.0000,0.0000,31.7735,0.0000,0.0000,0.0000,0.0000,0.0000,0.0000,1.0673,0.0000,0.0000,26.4342,0.0000,0.0000,1.0408,0.0000,0.3696,0.1206,1.2684,0.0000,0.0000,5.9409,0.0000,0.0000,9.2971,0.0000,0.0000,59.0856,0.0000,0.0000,4.1302,0.0000,0.0000,0.0000,0.0000,0.0000,0.0000,-90.7430,0.0000,0.0000,-17.8401,0.0000,0.0000,-22.9823,0.0000,-54.7348,7.7944,6.8433,0.0000,0.0000,5.0744,
2.6449,0.0000,0.0000,34.3897,14.1123,16.7652,8.2920,0.0000,0.0000,8.9751,0.0000,0.0000,0.0000,0.0000,5.6122,0.4766,0.0000,0.0000,0.0000,0.0000,0.0000,0.0000,7.6805,0.0000,0.0000,1.0262,0.0254,0.0000,0.0000,0.7562,0.0000,0.0000,0.7569,0.7575,36.9867,-16.7885,0.0000,0.0000,0.0000,0.0000,0.0000,0.0000,0.0000,0.7573,0.7554,0.0000,0.0000,0.0000,0.0000,0.0000,0.0000,46.9774,0.0000,0.0000,13.0774,-37.0079,0.0000,0.0000,49.7222,
58.7985,0.0000,-0.9048,26.1649,0.0000,5.8494,-9.8554,0.0000,0.0000,6.5416,0.0000,0.0000,0.0000,0.0000,1.0733,0.0000,0.0000,0.0000,0.0000,11.5985,0.0000,0.0000,0.7340,0.0000,0.0000,0.0000,0.0000,0.0000,0.0000,112.8155,0.0000,-112.8205,112.8156,0.0000,112.8150,-1300.7559,0.0000,0.0000,124.5857,0.0000,0.0000,0.0000,0.0000,0.0000,0.0000,0.0000,0.0000,0.0000,0.0000,0.0000,0.0000,0.0000,0.0000,0.0000,0.0000,0.0000,0.0000,0.0000,-76.0000,
3.8620,0.0000,0.0000,44.4417,-0.5207,0.0000,-1.1393,0.0000,0.0000,0.0000,0.0000,0.0000,0.0000,0.6226,0.8437,0.0000,1.4675,0.0000,0.0000,1.6401,0.0000,0.0000,40.2141,0.0000,0.2618,0.0952,0.0000,8.2113,0.0000,-10.4247,0.0000,0.0000,-2.6050,76.7428,0.0000,-258.0532,0.0000,0.0000,0.0000,0.0000,0.0000,0.0000,5.9910,-79.9810,0.0000,9.7513,0.0000,0.0000,-52.4419,0.0000,0.0000,7.9960,0.0000,342.7044,613.4454,0.0000,9.2361,0.0000,-32.9102,
89.2363,0.0000,0.0000,5.8508,7.2213,0.0000,-10.7082,0.0000,0.0000,0.0000,0.0000,0.0000,0.0000,0.0000,6.9906,0.0185,0.0000,0.0000,0.0000,0.0000,0.0000,0.0000,0.0000,0.0000,0.0000,0.0000,1.2779,0.1128,0.0000,-3.9569,0.0000,0.0000,-3.9584,-60.8353,0.0000,69.8437,0.0000,0.0000,0.0000,0.0000,0.0000,0.0000,0.0000,12.6985,-3.7838,0.0000,0.0000,0.0000,0.0000,0.0000,0.0000,0.0000,0.0000,0.0000,0.0000,-45.8408,-72.7837,0.0000,24.3618,
34.3361,0.0000,-3.4890,31.5930,0.0000,0.3939,10.9011,0.0000,0.0000,1.2328,0.0000,0.0000,0.0000,0.0000,0.8203,0.4311,0.0000,0.0000,0.0000,2.1027,0.0000,0.0000,0.0000,0.0000,0.0000,5.9654,0.0000,15.7128,0.0000,-27.0083,0.0000,-60.1261,-38.1645,0.0000,1697.0551,77.1427,0.0000,0.0000,36.0642,0.0000,0.0000,0.0000,0.0000,0.0000,-10.2064,0.0000,0.0000,0.0000,85.3331,0.0000,0.0000,0.0000,0.0000,0.0000,39.9688,0.0000,3.9516,0.0000,171.2209,
2.5836,0.0000,-11.1136,94.3659,0.5376,10.7648,2.3234,0.0000,0.0000,0.0000,0.0000,0.0000,0.0000,0.0000,0.1340,0.0050,0.0000,0.0000,0.0000,0.0000,0.0000,0.0000,0.1972,0.0000,0.1239,0.0779,0.0000,0.0003,0.0000,0.1742,0.0000,-0.1773,0.1765,0.1674,0.5276,-10.2608,0.0000,0.0000,0.0000,0.0000,0.0000,0.0000,0.0000,-20.7463,-28.0000,0.0000,0.0000,0.0000,0.0000,0.0000,0.0000,33.2150,0.0000,-72.4778,99.7433,0.0000,800.0000,0.0000,-34.1550,
5.0589,0.0000,0.0000,49.6583,0.0000,10.3723,25.0184,0.0000,0.0000,0.0000,0.0000,0.0627,0.0000,0.7555,0.0000,0.1470,0.2573,0.0000,0.0000,0.0000,0.0000,0.0293,6.1309,0.1443,0.0000,2.3423,0.0228,0.0000,0.0000,-10.5141,0.0000,0.0000,-10.5141,0.0000,16.4862,-0.5080,0.0000,0.0000,0.0000,0.0000,-98.7241,0.0000,-37.1410,0.0000,-30.2041,0.0000,0.0000,0.0000,0.0000,0.0000,-72.3549,-18.9450,28.6902,0.0000,-0.2860,-90.3509,0.0000,0.0000,11.7647,
19.8409,0.0000,0.0000,25.2500,0.0000,0.0000,-7.9121,0.0000,0.0000,27.3076,0.0000,0.0000,0.0000,0.1431,1.2527,0.0000,0.0000,0.0101,0.0000,0.0000,0.0000,0.0000,0.0000,0.3957,0.0000,0.0421,33.4417,0.2282,0.0000,-9.8126,0.0000,0.0000,-25.1663,0.0000,0.0000,-223.6701,0.0000,0.0000,-34.7947,0.0000,0.0000,0.0000,0.2795,176.5147,0.0000,0.0000,726.7327,0.0000,0.0000,0.0000,0.0000,0.0000,13.5962,0.0000,-40.3800,-89.8238,-49.4303,0.0000,60.5415,
47.9363,0.0000,0.0000,4.5462,0.0000,0.0000,5.7039,0.0000,0.0000,29.7119,0.0000,0.0000,0.0000,0.0000,0.0000,0.0088,0.0000,0.6558,0.0000,8.9693,0.0000,0.0000,0.2307,0.0000,0.0000,0.0016,2.1106,0.1251,0.0000,-18.4395,0.0000,0.0000,-0.8139,0.0000,0.0000,-17.6563,0.0000,0.0000,43.3517,0.0000,0.0000,0.0000,0.0000,0.0000,-28.4091,0.0000,-18.1763,0.0000,-72.7036,0.0000,0.0000,-12.0503,0.0000,0.0000,-25.0000,-20.7382,11.9904,0.0000,44.5700,
0.1763,0.0000,0.0000,31.7617,0.0000,0.0000,0.7773,0.0000,0.0000,7.0288,0.0000,0.0000,0.0000,0.0485,2.5426,0.0000,0.0000,0.0000,0.0000,0.4614,0.0000,0.0000,47.5297,0.6412,0.3086,1.6848,1.2592,5.7799,0.0000,14.5207,0.0000,0.0000,17.3350,0.0000,0.0000,71.9542,0.0000,0.0000,-99.3996,0.0000,0.0000,0.0000,56.9072,50.7237,0.0000,0.0000,0.0000,0.0000,1701.7772,0.0000,0.0000,-25.8659,-12.5390,92.7738,-3.4366,-79.8920,84.4046,0.0000,-24.9948,
27.2551,0.0000,-1.8960,22.9832,1.4051,0.6656,1.5703,0.0000,0.0000,3.2696,0.0000,0.0000,0.0000,0.3997,4.7140,0.0000,0.0000,0.0000,0.0000,11.9676,0.0000,0.0000,27.5903,0.0330,0.0000,0.0425,0.0000,0.0000,0.0000,4.9492,0.0000,-4.9473,4.9493,4.9463,4.9429,46.5898,0.0000,0.0000,-31.8173,0.0000,0.0000,0.0000,-7.0553,8.5235,0.0000,0.0000,0.0000,0.0000,11.2136,0.0000,0.0000,-16.3702,995.7576,0.0000,210.8235,0.0000,0.0000,0.0000,-14.7883,
8.2768,0.0000,0.0000,70.7706,0.0000,0.0000,2.2627,0.0000,0.0000,0.0000,0.0000,0.0000,0.0000,0.0000,0.0111,0.3505,0.0000,0.0000,0.0000,0.0000,0.0000,0.0000,0.0000,0.0000,0.0673,0.8262,0.0000,17.4348,0.0000,-0.1148,0.0000,0.0000,1.0071,0.0000,0.0000,-60.1450,0.0000,0.0000,0.0000,0.0000,0.0000,0.0000,0.0000,-89.1892,9.0442,0.0000,0.0000,0.0000,0.0000,0.0000,0.0000,0.0000,0.0000,0.0000,30.8037,0.0000,2.5736,0.0000,-32.2325,
4.6981,0.0000,0.0000,6.3113,-0.1582,0.0000,5.3912,0.0000,0.0000,16.6886,0.0000,0.0000,0.0000,0.0383,0.0000,0.0000,0.0000,0.0000,0.0000,25.4828,0.0000,0.0000,39.0581,0.4360,0.0000,0.0000,1.0198,1.0340,0.0000,-33.2219,0.0000,0.0000,-22.0699,33.4387,0.0000,-59.5582,0.0000,0.0000,-67.3849,0.0000,0.0000,0.0000,28.4595,0.0000,0.0000,0.0000,0.0000,0.0000,11.6188,0.0000,0.0000,14.6687,68.8073,0.0000,0.0000,835.0657,-15.9865,0.0000,-20.1884,
1.5362,0.0000,0.0000,59.2860,0.0000,0.0000,12.4475,0.0000,0.0000,0.0000,0.0000,0.0000,0.0000,0.0000,0.2192,0.0000,0.0000,0.0000,0.0000,0.0000,0.0000,0.0000,23.4715,0.8541,1.2454,0.1147,0.8255,0.0000,0.0000,-0.6965,0.0000,0.0000,-0.4232,0.0000,0.0000,-31.2223,0.0000,0.0000,0.0000,0.0000,0.0000,0.0000,0.0000,-51.7336,0.0000,0.0000,0.0000,0.0000,0.0000,0.0000,0.0000,-8.0813,-36.4126,-40.2280,-46.8178,-14.7426,0.0000,0.0000,-9.4381,
7.3829,-0.5757,0.0000,29.7295,0.0224,9.6218,2.8762,0.0000,0.0000,21.6958,0.0000,0.0000,0.0000,0.3577,0.9422,0.0327,3.5589,0.0000,0.0000,14.8655,0.0000,0.0000,5.4258,0.4583,0.0000,0.0647,3.4160,0.1254,0.0000,22.5995,0.0000,0.0000,34.6158,-8.0357,22.6008,-701.6932,0.0000,0.0000,-10.2075,0.0000,0.0000,0.0000,61.4761,-70.0807,94.4954,16.7411,0.0000,0.0000,59.3468,0.0000,0.0000,3.9791,37.5518,0.0000,146.6770,-12.3653,61.5630,0.0000,-39.9791,
0.4418,0.0000,0.0000,40.3649,0.0000,0.0000,9.9837,0.0000,0.0000,9.2660,0.0000,0.0000,0.0000,0.7913,1.6063,1.0326,0.0000,0.0000,0.0000,14.1361,0.0000,0.0000,8.5604,0.9297,0.7259,6.8023,2.2634,3.0956,0.0000,-29.0403,0.0000,0.0000,-62.9326,0.0000,0.0000,88.5604,0.0000,0.0000,-79.7896,0.0000,0.0000,0.0000,135.4101,-7.3772,0.8522,0.0000,0.0000,0.0000,-65.0455,0.0000,0.0000,42.9384,27.7294,312.9357,-81.7238,-38.8707,-40.5156,0.0000,-36.0375,
1.3607,0.0000,-0.6139,36.1732,0.0000,3.6174,2.5760,0.0000,0.0000,0.0000,0.0000,0.0000,0.0000,0.0042,0.7662,0.0000,0.0000,0.7429,0.0000,0.0000,0.0000,0.0000,54.5638,0.0000,0.0000,0.8040,0.0054,0.0000,0.0000,-20.3057,0.0000,20.3128,-14.6293,0.0000,-20.3046,46.9449,0.0000,0.0000,0.0000,0.0000,0.0000,0.0000,-52.3810,32.3936,0.0000,0.0000,-23.3813,0.0000,0.0000,0.0000,0.0000,-9.9035,0.0000,0.0000,19.6517,-88.8889,0.0000,0.0000,-28.7296,
6.4100,0.0000,0.0000,29.1381,6.0730,0.0000,5.1678,0.0000,0.0000,9.2813,0.0000,0.0000,0.0000,0.8553,0.0000,0.0000,1.2628,2.0344,0.0000,0.0000,0.0000,0.0000,34.2001,0.1439,0.0000,0.3744,4.9255,0.1336,0.0000,-2.4945,0.0000,0.0000,9.4629,-2.5292,0.0000,-29.1459,0.0000,0.0000,-26.0416,0.0000,0.0000,0.0000,3.9518,0.0000,0.0000,0.0000,49.8968,0.0000,0.0000,0.0000,0.0000,1.6985,-38.8464,0.0000,-61.3782,21.7765,243.4880,0.0000,-11.8785,
29.2098,0.0000,0.0000,0.0000,0.0000,32.5217,7.0639,0.0000,0.0000,11.9498,0.0000,0.0000,0.0000,0.0830,0.4333,0.0000,0.0000,1.0770,0.0000,2.0335,0.0000,0.0000,13.9629,1.3000,0.1490,0.0000,0.0000,0.2161,0.0000,-21.1775,0.0000,0.0000,0.0000,0.0000,-26.1847,17.4847,0.0000,0.0000,-47.7732,0.0000,0.0000,0.0000,-82.5301,-39.5107,0.0000,0.0000,360.7521,0.0000,656.1642,0.0000,0.0000,-35.7476,-16.2846,-66.6443,0.0000,0.0000,486.5803,0.0000,-47.3511,
9.0199,0.0000,-0.0328,35.5417,0.0000,4.6511,16.0308,0.0000,0.0000,9.3137,0.0000,0.0000,0.0000,0.0426,0.0000,0.0000,0.1422,0.0000,0.0000,14.8585,0.0000,0.0000,10.2347,0.1976,0.0000,0.0000,0.0000,0.0000,0.0000,1.5000,0.0000,-1285.3659,1.4980,0.0000,-7.5552,14.1864,0.0000,0.0000,-10.8281,0.0000,0.0000,0.0000,84.2723,0.0000,0.0000,13.6428,0.0000,0.0000,-53.3520,0.0000,0.0000,62.8695,140.2834,0.0000,0.0000,0.0000,0.0000,0.0000,-13.5254,
20.3889,0.0000,-3.4678,19.4488,0.0000,5.3368,-0.9154,0.0000,0.0000,3.4950,0.0000,0.0000,1.6322,0.6581,3.2175,0.0000,0.0000,0.0000,0.0000,28.5470,0.0000,0.0000,17.9384,0.2000,0.0000,0.0094,3.5111,0.0000,0.0000,26.5149,0.0000,-26.5154,26.4340,0.0000,26.5159,-1954.1075,0.0000,0.0000,-60.5866,0.0000,0.0000,1.6481,52.3173,56.4755,0.0000,0.0000,0.0000,0.0000,2.4840,0.0000,0.0000,16.8633,30.8000,0.0000,3590.4255,75.2214,0.0000,0.0000,-42.0422,
51.7878,0.0000,0.0000,105.6380,-61.2162,20.0803,-30.2677,0.0000,0.0000,0.0000,0.0000,0.0000,0.0000,0.0000,0.8587,0.0215,0.0000,0.0000,0.0000,3.6110,0.0000,0.0000,0.0751,0.0000,0.0000,0.0000,9.4115,0.0000,0.0000,-34.3278,0.0000,0.0000,-72.6819,-106.2251,-77.9958,-153.2551,0.0000,0.0000,0.0000,0.0000,0.0000,0.0000,0.0000,1113.1478,-74.8837,0.0000,0.0000,0.0000,0.0000,0.0000,0.0000,18.6418,0.0000,0.0000,0.0000,-92.2244,0.0000,0.0000,-35.9237,
5.0274,0.0000,0.0000,24.9815,0.0000,29.1036,11.7565,0.0000,0.0000,6.7341,0.0000,0.0000,0.0000,0.4411,2.9215,0.0000,0.0000,0.0233,0.0000,6.5093,0.0000,0.0000,9.4041,0.0000,0.0912,3.0064,0.0000,0.0000,0.0000,-12.4677,0.0000,0.0000,-12.0821,0.0000,-6.5421,26.1455,0.0000,0.0000,65.8885,0.0000,0.0000,0.0000,7.1866,-21.0440,0.0000,0.0000,-31.7597,0.0000,-71.4931,0.0000,0.0000,11.3716,0.0000,2127.1930,9.0806,0.0000,0.0000,0.0000,33.7657,
5.9500,0.0000,-0.0126,22.2673,0.0000,19.2875,-7.9038,0.0000,0.0000,0.9052,0.0000,0.0000,0.0000,0.0000,0.0000,0.0250,0.0000,0.0000,0.0000,32.3632,0.0000,0.0000,25.0059,0.0000,0.0000,0.0000,2.1124,0.0000,0.0000,72.5664,0.0000,-73.0159,72.5665,0.0000,1.8623,-400.5947,0.0000,0.0000,0.0000,0.0000,0.0000,0.0000,0.0000,0.0000,-58.4000,0.0000,0.0000,0.0000,12.2120,0.0000,0.0000,19.5750,0.0000,0.0000,0.0000,137.6917,0.0000,0.0000,-11.0104,
7.8286,0.0000,-0.3739,18.6004,0.0000,11.1253,0.3262,0.0000,0.0000,26.8108,0.0000,0.0000,0.0000,0.0000,0.1519,2.5513,0.0000,0.0000,0.0000,12.7786,0.0000,0.0000,0.0000,0.0000,17.9461,0.0000,2.2546,0.0000,0.0000,33.0468,0.0000,4.2525,-4.2607,0.0000,-2.7469,83.9669,0.0000,0.0000,-28.2256,0.0000,0.0000,0.0000,0.0000,0.0000,2.6144,0.0000,0.0000,0.0000,39.1420,0.0000,0.0000,0.0000,0.0000,6.6365,0.0000,-14.1400,0.0000,0.0000,57.5130,
9.8256,0.0000,0.0000,0.0000,0.0000,-0.4529,49.8413,0.0000,0.0000,37.4096,0.0000,0.0000,0.0000,0.6431,0.0000,0.0000,0.0000,0.0000,0.0000,0.0000,0.0000,0.0000,0.5166,1.6631,0.0000,0.0000,0.5536,0.0000,0.0000,-10.0289,0.0000,0.0000,0.0000,0.0000,-100.3754,9.0357,0.0000,0.0000,-9.8584,0.0000,0.0000,0.0000,-7.1684,0.0000,0.0000,0.0000,0.0000,0.0000,0.0000,0.0000,0.0000,-14.6922,-25.3442,0.0000,0.0000,-18.8945,0.0000,0.0000,10.1203,
21.4788,0.0000,-1.5962,26.0884,3.9145,0.0000,4.6653,0.0000,0.0000,3.7730,0.0000,0.0000,0.0000,0.0000,0.7198,0.0259,2.0592,0.0000,0.0000,23.1406,0.0000,0.0000,15.7306,0.0000,0.0000,0.0000,0.0000,0.0000,0.0000,-4.3643,0.0000,-79.4951,10.2889,-4.3633,0.0000,26.3070,0.0000,0.0000,37.1058,0.0000,0.0000,0.0000,0.0000,-3.4732,3.4749,4.0453,0.0000,0.0000,-8.8675,0.0000,0.0000,0.0000,0.0000,0.0000,0.0000,0.0000,0.0000,0.0000,32.9285,
1.9386,0.0000,0.0000,0.0000,0.0000,86.1305,-18.0064,0.0000,0.0000,0.0000,0.0000,0.0000,0.0000,0.0000,0.9090,0.1403,0.0000,3.1080,0.0000,18.8985,0.0000,0.0000,5.7614,0.0000,0.0000,0.7497,0.0000,0.3704,0.0000,28.4999,0.0000,0.0000,0.0000,0.0000,-5.8583,24.4408,0.0000,0.0000,0.0000,0.0000,0.0000,0.0000,0.0000,-93.2563,327.0848,0.0000,-38.1885,0.0000,-86.6275,0.0000,0.0000,39.5824,0.0000,0.0000,-12.5784,0.0000,-82.1544,0.0000,-74.3455,
0.7284,0.0000,0.0000,26.8075,3.4037,0.0000,38.8854,0.0000,0.0000,17.0144,0.0000,0.0000,0.0000,0.0000,2.2827,0.0000,1.1044,0.0000,0.0000,0.0000,0.0000,0.0000,9.6362,0.0000,0.0000,0.0029,0.0363,0.0980,0.0000,22.0758,0.0000,0.0000,22.0781,61.6976,0.0000,-16.8565,0.0000,0.0000,-50.2774,0.0000,0.0000,0.0000,0.0000,120.7517,0.0000,157.8323,0.0000,0.0000,0.0000,0.0000,0.0000,25.7093,0.0000,0.0000,31.0345,-89.8072,-15.8163,0.0000,-20.4163,
0.8810,0.0000,0.0000,15.7796,-0.4821,1.9380,6.3031,0.0000,0.0000,32.6704,0.0000,0.0000,0.0000,0.0422,0.0000,0.0000,0.0000,0.4450,0.5670,10.4686,0.0000,0.0000,31.3871,0.0000,0.0000,0.0000,0.0000,0.0000,0.0000,-17.7639,0.0000,0.0000,4.4234,-431.2591,0.0000,6.0193,0.0000,0.0000,-17.9462,0.0000,0.0000,0.0000,-18.2464,0.0000,0.0000,0.0000,-23.8876,-65.1499,106.0868,0.0000,0.0000,-20.4782,0.0000,0.0000,0.0000,0.0000,0.0000,0.0000,-23.1840,
25.7619,0.0000,0.0000,74.2934,0.0000,0.6621,-1.0789,0.0000,0.0000,0.0000,0.0000,0.0000,0.0961,0.0000,0.0000,0.0000,0.0250,0.0000,0.0000,0.0430,0.0000,0.0000,0.0788,0.0000,0.0274,0.0603,0.0000,0.0310,0.0000,-6.4642,0.0000,0.0000,-7.3506,0.0000,-59.4170,-31.9399,0.0000,0.0000,0.0000,0.0000,0.0000,-21.4360,0.0000,0.0000,0.0000,-92.8000,0.0000,0.0000,1244.6512,0.0000,0.0000,1026.3959,0.0000,242.7007,66.1692,0.0000,-44.8387,0.0000,-42.4779,
26.5985,0.0000,-0.1526,18.3629,0.0000,0.0000,11.1230,0.0000,0.0000,15.8506,0.0000,0.0000,0.0000,0.0319,9.1544,0.0000,0.0000,6.3372,0.0000,8.0337,0.0000,0.0000,4.2776,0.0046,0.0000,0.0000,0.0000,0.3783,0.0000,1.4918,0.0000,-12.8440,1.4921,0.0000,0.0000,19.8786,0.0000,0.0000,-10.9289,0.0000,0.0000,0.0000,-25.0784,-59.7800,0.0000,0.0000,-3.2333,0.0000,17.4253,0.0000,0.0000,4.8625,8.6957,0.0000,0.0000,0.0000,779.0114,0.0000,33.9511,
104.0374,0.0000,0.0000,0.0000,0.0000,0.1167,-24.5904,0.0000,0.0000,0.0000,0.0000,0.0000,0.2227,0.2151,2.3233,0.1817,0.0000,0.0000,0.0580,11.2401,0.0000,0.0000,6.1433,0.0323,0.0000,0.0197,0.0000,0.0000,0.0000,16.3335,0.0000,0.0000,0.0000,0.0000,-614.8243,-55.0422,0.0000,0.0000,0.0000,0.0000,0.0000,11.9892,5.4858,16.6186,16.3456,0.0000,0.0000,86.5517,-38.9916,0.0000,0.0000,17.7478,144.8916,0.0000,4.5685,0.0000,0.0000,0.0000,-5.9126,
5.0181,0.0000,0.0000,49.5622,5.8236,3.1791,6.1124,0.0000,0.0000,9.5959,0.0000,0.0000,0.0000,0.6486,1.3547,0.0209,0.0000,10.7110,0.0000,2.8935,0.0000,0.0000,2.6550,0.4467,0.1287,0.1360,0.0000,1.7135,0.0000,4.1291,0.0000,0.0000,6.7911,-0.3057,4.1270,-3.2328,0.0000,0.0000,-17.0656,0.0000,0.0000,0.0000,-7.9710,39.5881,4.3062,0.0000,-14.4730,0.0000,-29.6769,0.0000,0.0000,2.7721,20.4612,0.0000,0.0000,0.0000,10.0379,0.0000,-10.8330,
13.7593,0.0000,-0.1241,39.9620,-2.7536,3.5676,-2.9683,0.0000,0.0000,0.0000,0.0000,0.0000,0.0000,0.0000,0.0011,0.0000,0.0000,0.1017,0.0000,0.0000,0.0000,0.0000,20.1811,0.0089,0.0000,0.0447,27.3710,0.8486,0.0000,-7.4931,0.0000,90.8944,-8.8659,5.5055,-9.7040,77.8931,0.0000,0.0000,0.0000,0.0000,0.0000,0.0000,0.0000,72.7273,0.0000,0.0000,-32.3500,0.0000,0.0000,0.0000,0.0000,-35.7572,217.9775,0.0000,-15.6600,35.6816,-22.0127,0.0000,-18.0000,
214.5746,0.0000,0.0000,0.0050,0.1099,0.0000,-232.8623,0.0000,0.0000,17.5612,0.0000,0.0000,0.0000,0.0000,0.0212,0.0950,0.0000,0.0000,0.0000,65.7909,0.0000,0.0000,0.0000,0.0000,0.0000,7.2464,0.0000,27.4581,0.0000,31.8638,0.0000,0.0000,32.0000,43.9490,0.0000,-47.4466,0.0000,0.0000,-99.7842,0.0000,0.0000,0.0000,0.0000,374.0566,0.0000,0.0000,0.0000,0.0000,-94.4007,0.0000,0.0000,0.0000,0.0000,0.0000,-87.8823,0.0000,59.8749,0.0000,-33.3010,
29.9986,0.0000,0.0000,15.8793,0.0000,15.0189,12.9917,0.0000,0.0000,0.3614,0.0000,0.0000,0.0000,0.1604,0.0000,0.0000,2.0244,0.3829,0.0000,16.7868,0.0000,0.0000,1.8127,1.9419,0.6109,0.0630,1.9251,0.0420,0.0000,2.8801,0.0000,0.0000,2.8805,0.0000,45.2969,-53.3502,0.0000,0.0000,1169.2861,0.0000,0.0000,0.0000,-9.9751,0.0000,0.0000,13.3817,-5.2755,0.0000,-25.0149,0.0000,0.0000,-19.9371,-42.0619,-28.8427,57.6190,-7.0126,-4.0476,0.0000,-3.7530,
6.0545,0.0000,0.0000,127.4713,0.0000,-44.9574,-18.6817,0.0000,0.0000,0.0000,0.0000,0.0000,0.0000,0.0000,0.3816,0.0000,0.0000,0.0000,0.0000,25.9647,0.0000,0.0000,0.0000,0.0000,0.0141,0.1131,3.6079,0.0318,0.0000,90.3279,0.0000,0.0000,39.6292,0.0000,-63.4843,-36.4892,0.0000,0.0000,0.0000,0.0000,0.0000,0.0000,0.0000,74.0042,0.0000,0.0000,0.0000,0.0000,-74.6540,0.0000,0.0000,0.0000,0.0000,102.8369,-42.1751,-41.1624,-22.9560,0.0000,-31.5285,
8.4517,0.0000,-2.0087,2.5514,0.1012,6.9840,57.9003,0.0000,0.0000,1.4285,0.0000,0.0000,0.0000,0.1716,3.3714,0.0000,0.0588,0.0000,0.2746,11.6745,0.0000,0.0000,8.7737,0.1179,0.0000,0.1331,0.0160,0.0000,0.0000,-10.2678,0.0000,2.5190,-10.2689,-287.0553,-10.2678,-5.7817,0.0000,0.0000,286.7973,0.0000,0.0000,0.0000,-24.5338,2.8949,0.0000,-28.5714,0.0000,53.8237,22.4986,0.0000,0.0000,-20.8703,-2.0356,0.0000,273.4035,-36.2500,0.0000,0.0000,-26.9006,
3.5922,0.0000,0.0000,0.0000,0.0000,24.1647,6.7317,0.0000,0.0000,9.7880,0.0000,0.0000,2.4242,0.0000,2.6079,0.2184,0.0000,2.9997,0.0000,18.0087,0.0000,0.0000,28.6640,0.0000,0.0000,0.5045,0.0000,0.2962,0.0000,4.5766,0.0000,0.0000,0.0000,0.0000,-4.8621,44.5668,0.0000,0.0000,61.2781,0.0000,0.0000,-16.0878,0.0000,-9.4866,3.9377,0.0000,-6.6140,0.0000,-11.2640,0.0000,0.0000,-18.3401,0.0000,0.0000,23.4490,0.0000,2.2957,0.0000,45.6708,
1.3981,0.0000,0.0000,0.0000,0.0000,0.1865,62.8222,0.0000,0.0000,0.5657,0.0000,0.0000,1.9865,0.0436,1.3939,0.0000,0.0000,0.0000,0.0000,4.4021,0.0000,0.0000,26.2652,0.0000,0.4316,0.4703,0.0000,0.0342,0.0000,1.2875,0.0000,0.0000,0.0000,0.0000,1.2869,10.0382,0.0000,0.0000,1807.0002,0.0000,0.0000,-63.4281,25.0000,-43.4680,0.0000,0.0000,0.0000,0.0000,-72.7153,0.0000,0.0000,-41.8778,0.0000,-99.1891,-6.5915,0.0000,0.0000,0.0000,-35.4555,
4.7543,0.0000,0.0000,61.7752,0.0000,0.0000,7.3118,0.0000,0.0000,0.2329,0.0000,0.0000,0.0000,0.0000,0.9405,0.0803,0.0000,0.0000,0.0098,8.6074,0.0000,0.0000,14.3407,0.0000,0.1722,1.7748,0.0000,0.0000,0.0000,-12.3635,0.0000,0.0000,-14.4877,0.0000,0.0000,59.4108,0.0000,0.0000,-71.1035,0.0000,0.0000,0.0000,0.0000,185.7842,-8.4682,0.0000,0.0000,18093.8776,-98.0377,0.0000,0.0000,87.7816,0.0000,0.0000,-39.2833,0.0000,0.0000,0.0000,5.7473,
17.2063,0.0000,0.0000,32.9523,0.0000,0.0000,25.7906,0.0000,0.0000,8.5891,0.0000,0.0000,0.0000,0.0000,7.8881,0.0000,0.0000,0.0000,0.0000,2.4337,0.0000,0.0000,0.5924,0.0000,0.0804,0.0109,4.4563,0.0000,0.0000,-3.4923,0.0000,0.0000,79.2276,0.0000,0.0000,-99.5770,0.0000,0.0000,7.5724,0.0000,0.0000,0.0000,0.0000,1.4832,0.0000,0.0000,0.0000,0.0000,0.0000,0.0000,0.0000,0.0000,0.0000,0.0000,75.2294,56.2305,0.0000,0.0000,-8.7583,
0.3867,0.0000,0.0000,6.2202,-0.0014,0.0000,1.1086,0.0000,0.0000,0.0000,0.0000,0.0000,0.0000,0.0000,0.0467,0.0000,0.0000,0.0000,0.0000,31.6001,0.0000,0.0000,59.4132,0.0001,0.1594,0.6491,0.3979,0.0195,0.0000,140.0828,0.0000,0.0000,185.5937,-57.1429,0.0000,57.1712,0.0000,0.0000,0.0000,0.0000,0.0000,0.0000,0.0000,115.8458,0.0000,0.0000,0.0000,0.0000,4.8281,0.0000,0.0000,-26.3108,0.0000,61.1041,205.4999,-19.8794,0.0000,0.0000,-48.8257,
23.3217,0.0000,0.0000,24.6511,0.0000,0.0000,7.2314,0.0000,0.0000,6.0811,0.0000,0.0000,0.0000,0.0000,0.0399,0.1047,8.8414,0.0000,0.0000,6.8667,0.0000,0.0000,0.0000,0.0000,0.0890,0.1093,0.0000,22.6636,0.0000,15.6567,0.0000,0.0000,39.7333,0.0000,0.0000,-24.7946,0.0000,0.0000,-59.4909,0.0000,0.0000,0.0000,0.0000,11.5288,18.4336,11.6972,0.0000,0.0000,57.6565,0.0000,0.0000,0.0000,0.0000,-12.5843,-82.2507,0.0000,-57.2702,0.0000,-30.6021,
44.3069,0.0000,0.0000,7.7431,0.0000,0.0000,1.7865,0.0000,0.0000,31.8063,0.0000,0.0000,0.0000,0.0000,0.0227,0.0000,0.0000,0.0000,0.0000,9.6008,0.0000,0.0000,3.1408,0.0610,0.6735,0.0078,0.3842,0.4665,0.0000,-0.0616,0.0000,0.0000,22.9960,0.0000,0.0000,-79.8545,0.0000,0.0000,-80.6680,0.0000,0.0000,0.0000,0.0000,184.1410,0.0000,0.0000,0.0000,0.0000,17.7152,0.0000,0.0000,-50.3279,-5.9016,-42.8211,17.9487,581.5461,181.5648,0.0000,93.7630,
10.0854,0.0000,0.0000,7.2907,0.0000,0.0000,45.2566,0.0000,0.0000,0.0000,0.0000,0.0000,0.8008,15.6529,0.0000,4.0369,0.0000,0.0000,0.0008,0.0000,0.0000,0.0000,12.9203,1.9931,0.3198,1.6426,0.0000,0.0000,0.0000,-0.8408,0.0000,0.0000,-0.8408,0.0000,0.0000,-5.8400,0.0000,0.0000,0.0000,0.0000,0.0000,-3.2343,-1.6674,0.0000,-3.5324,0.0000,0.0000,0.0000,0.0000,0.0000,0.0000,28.8236,4.5256,0.0000,-16.7905,0.0000,0.0000,0.0000,-68.4736,
1.7291,0.0000,0.0000,1.3349,0.0000,0.0000,34.5512,0.0000,0.0000,13.5368,0.0000,0.0000,0.0000,0.0000,2.6444,0.0276,0.0000,1.0998,0.0000,17.5338,0.0000,0.0000,21.0040,0.0000,0.0790,0.0000,6.3828,0.0765,0.0000,-15.1177,0.0000,0.0000,0.0000,0.0000,0.0000,-0.3331,0.0000,0.0000,50.6191,0.0000,0.0000,0.0000,0.0000,-27.7568,-15.2174,0.0000,-20.3219,0.0000,-37.5600,0.0000,0.0000,18.2879,0.0000,1387.0886,0.0000,-39.3417,-25.2288,0.0000,-26.2757,
55.3016,-0.7111,0.0000,0.0000,0.0000,211.1807,-172.6151,0.0000,0.0000,0.0000,0.0000,0.0000,0.0000,0.0000,0.4893,0.0000,3.7684,0.0000,0.0000,0.0000,0.0000,0.0000,1.1184,0.0000,0.0000,0.0000,1.4679,0.0000,0.0000,11.5045,-11.5174,0.0000,0.0000,0.0000,11.5046,-17.4156,0.0000,0.0000,0.0000,0.0000,0.0000,0.0000,0.0000,-28.6736,0.0000,8.3590,0.0000,0.0000,0.0000,0.0000,0.0000,-23.3459,0.0000,0.0000,0.0000,-41.8285,0.0000,0.0000,-54.5284,
6.9760,0.0000,0.0000,0.9355,0.5374,0.0000,62.5891,0.0000,0.0000,3.1175,0.0000,0.0000,0.0000,0.1514,2.0424,0.0000,0.0000,3.5570,0.0260,14.7689,0.0000,0.0000,4.5550,0.0000,0.0000,0.5481,0.0000,0.1959,0.0000,3.1508,0.0000,0.0000,69.4816,-81.1872,0.0000,4.9229,0.0000,0.0000,-28.4587,0.0000,0.0000,0.0000,-5.5482,-2.5460,0.0000,0.0000,2.7636,780.3846,-24.9876,0.0000,0.0000,3.3743,0.0000,0.0000,49.3888,0.0000,12.5574,0.0000,30.9143,
7.0980,0.0000,0.0000,0.0000,1.0150,-1.8419,71.5335,0.0000,0.8163,0.0000,0.0000,0.0000,0.1278,5.2206,0.0000,2.5482,0.0000,0.0000,0.0816,3.5951,0.0000,0.0000,7.9036,0.3904,1.3841,0.1278,0.0000,0.0000,0.0000,-2.9656,0.0000,0.0000,0.0000,73.7143,79.0597,0.6071,0.0000,-92.8335,0.0000,0.0000,0.0000,-29.9687,-6.1315,0.0000,-29.3187,0.0000,0.0000,-74.6324,7.5714,0.0000,0.0000,5.9239,-2.9713,-87.5587,-16.4319,0.0000,0.0000,0.0000,-7.7542,
2.5108,0.0000,0.0000,88.2916,0.0000,0.0328,1.1277,0.0000,4.3524,0.0000,0.0000,0.0000,0.0000,0.0000,0.0000,0.0000,2.4660,0.0000,0.3034,0.0000,0.0000,0.0000,0.8458,0.0000,0.0000,0.0694,0.0000,0.0000,0.0000,22.2957,0.0000,0.0000,20.7748,0.0000,0.0000,-1828.9439,0.0000,32.1110,0.0000,0.0000,0.0000,0.0000,0.0000,0.0000,0.0000,35.2758,0.0000,-77.2577,0.0000,0.0000,0.0000,-24.5921,0.0000,0.0000,0.0000,0.0000,0.0000,0.0000,8.2618,
15.0095,0.0000,0.0000,36.4215,0.0000,10.0393,-2.2927,0.0000,0.0000,6.3383,0.0000,0.0000,0.0000,0.0347,0.0107,0.0000,0.0000,0.0000,0.0000,1.5819,0.0000,0.0000,25.2465,0.3100,0.0000,0.0534,0.0000,7.2469,0.0000,-2.7143,0.0000,0.0000,-8.9810,0.0000,-2.7143,-173.2499,0.0000,0.0000,291.5671,0.0000,0.0000,0.0000,0.0000,-27.1028,0.0000,0.0000,0.0000,0.0000,242.9673,0.0000,0.0000,-81.0433,-0.1935,0.0000,0.0000,0.0000,-93.5793,0.0000,14.0891,
4.1918,0.0000,0.0000,37.3946,0.0000,0.0000,3.2414,0.0000,0.0000,13.2567,0.0000,0.0000,0.0000,4.2272,0.4337,0.0000,0.0000,0.4847,0.0000,15.9328,0.0000,0.0000,17.5259,0.9019,0.0000,1.7577,0.4040,0.2477,0.0000,-1.8345,0.0000,0.0000,6.6753,0.0000,0.0000,-1.3358,0.0000,0.0000,-8.0548,0.0000,0.0000,0.0000,12.0387,-13.0274,0.0000,0.0000,-39.5090,0.0000,8.0576,0.0000,0.0000,-14.7764,-2.5502,0.0000,3.9085,-75.1980,-2.1801,0.0000,19.2045,
5.6364,0.0000,0.0000,17.6685,0.0000,0.2424,16.0233,0.0000,0.0000,0.7953,0.0000,0.0000,0.0000,0.0000,0.4582,0.0547,0.0000,0.0000,0.0000,21.5002,0.0000,0.0000,37.1453,0.0000,0.4188,0.0000,0.0569,0.0000,0.0000,-16.3544,0.0000,0.0000,-12.8483,0.0000,-136.7574,-1.4086,0.0000,0.0000,1302.1250,0.0000,0.0000,0.0000,0.0000,42.4487,-6.2157,0.0000,0.0000,0.0000,-49.3628,0.0000,0.0000,10.8972,0.0000,-69.8663,0.0000,105.2724,0.0000,0.0000,-45.0704,
7.7699,0.0000,0.0000,93.6207,0.0000,0.0000,-18.9460,0.0000,0.0000,0.0000,0.0000,0.0000,0.0000,0.0000,0.2244,0.0000,0.0000,0.0000,0.0000,16.3722,0.0000,0.0000,0.8310,0.0000,0.0000,0.0142,0.1136,0.0000,0.0000,44.5669,0.0000,0.0000,44.5675,0.0000,0.0000,-284.0072,0.0000,0.0000,0.0000,0.0000,0.0000,0.0000,0.0000,67.4688,0.0000,0.0000,0.0000,0.0000,51.4903,0.0000,0.0000,-99.7473,0.0000,0.0000,594.3662,689.9648,0.0000,0.0000,-76.6666,
3.7749,0.0000,-3.5534,0.0000,0.0000,13.0127,65.4369,0.0000,0.0000,0.8747,0.0000,0.0000,0.0000,0.0000,0.0234,0.0000,6.1605,0.1757,0.0000,3.7616,0.0000,0.0000,7.5654,0.0000,0.0000,0.0000,2.7675,0.0000,0.0000,-7.9313,0.0000,-14.7549,0.0000,0.0000,-0.7362,0.8543,0.0000,0.0000,-86.5554,0.0000,0.0000,0.0000,0.0000,0.0000,0.0000,-9.8661,-22.5953,0.0000,9.6821,0.0000,0.0000,13.3767,0.0000,0.0000,0.0000,4.6612,0.0000,0.0000,-11.7512,
1.2792,0.0000,0.0000,79.3736,0.0000,0.0000,9.0839,0.0000,0.0000,0.0000,0.0000,0.0000,0.1121,0.0021,0.0000,0.0000,0.0000,0.0000,0.0000,0.0000,0.0000,0.0000,9.0746,0.3023,0.7722,0.0000,0.0000,0.0000,0.0000,-0.4221,0.0000,0.0000,1.3522,0.0000,0.0000,3.3928,0.0000,0.0000,0.0000,0.0000,0.0000,-36.9313,-4.7619,0.0000,0.0000,0.0000,0.0000,0.0000,0.0000,0.0000,0.0000,-19.4763,21.2703,47.7208,0.0000,0.0000,0.0000,0.0000,-4.1593,
8.0506,0.0000,-3.1364,65.3685,0.7127,0.0000,3.8189,0.0000,0.0000,11.9639,0.0000,0.0000,0.0000,0.0000,2.8709,0.1063,0.0000,0.0000,0.0000,4.1916,0.0000,0.0000,4.3966,0.0000,0.0000,0.9891,0.0000,0.6675,0.0000,0.2112,0.0000,-48.4887,2.0570,-100.4771,0.0000,130.7811,0.0000,0.0000,-16.0382,0.0000,0.0000,0.0000,0.0000,-53.7810,-9.5955,0.0000,0.0000,0.0000,-25.7873,0.0000,0.0000,11.4179,0.0000,0.0000,-8.7554,0.0000,2.8764,0.0000,11.2161,
0.1415,0.0000,0.0000,21.1764,0.0000,0.0000,2.3395,0.0000,0.0000,21.2290,0.0000,0.0000,0.0000,0.0281,3.0296,0.0992,0.0000,31.1914,0.0000,6.3615,0.0000,0.0000,11.3896,0.0462,0.8963,0.1056,1.9209,0.0454,0.0000,-3.7456,0.0000,0.0000,6.8340,0.0000,0.0000,42.4450,0.0000,0.0000,-10.3359,0.0000,0.0000,0.0000,24.1993,-4.2250,1.0081,0.0000,-11.8549,0.0000,10.1784,0.0000,0.0000,27.8105,-6.2771,-9.4723,26.8939,-9.7767,20.2643,0.0000,-13.9073,
0.8128,0.0000,0.0000,8.2069,-0.2303,0.0000,35.3468,0.0000,0.5528,25.4688,0.0000,0.0000,0.0000,0.2833,1.5405,0.0000,0.0000,0.0000,0.6416,9.1532,0.0000,0.0000,13.5300,0.2244,0.0000,0.0000,4.4692,0.0000,0.0000,2.6944,0.0000,0.0000,2.6941,-270.2996,0.0000,2.4291,0.0000,-38.5311,-10.6998,0.0000,0.0000,0.0000,20.9319,-13.7163,0.0000,0.0000,0.0000,-71.6490,-6.7867,0.0000,0.0000,15.7435,-3.8324,0.0000,0.0000,7.2809,0.0000,0.0000,-28.0677,
0.1960,0.0000,-2.6098,12.5797,0.0000,35.1152,18.6678,0.0000,0.0000,6.6955,0.0000,0.0000,0.0000,0.0661,0.1389,0.0000,0.0000,0.0000,0.0000,3.2386,0.0000,0.0000,23.7901,0.0000,0.9669,0.4526,0.7023,0.0000,0.0000,-21.8878,0.0000,21.8561,-21.8789,0.0000,2.3318,-11.6350,0.0000,0.0000,15.0668,0.0000,0.0000,0.0000,-21.7852,-22.8222,0.0000,0.0000,0.0000,0.0000,123.6398,0.0000,0.0000,-8.4455,0.0000,49.7776,64.8475,0.0000,0.0000,0.0000,-19.6156,
10.4764,0.0000,0.0000,35.4676,0.0000,6.2839,2.7532,0.0000,0.0000,8.6709,0.0000,0.0000,0.0000,0.0000,0.6522,0.0000,0.0000,18.3057,0.0000,0.0000,0.0000,0.0000,16.6126,0.0000,0.0000,0.0803,0.0000,0.6971,0.0000,9.7457,0.0000,0.0000,9.7452,0.0000,5.7066,218.3532,0.0000,0.0000,-27.4597,0.0000,0.0000,0.0000,0.0000,9.1996,0.0000,0.0000,-98.8250,0.0000,0.0000,0.0000,0.0000,37.5047,0.0000,0.0000,-3.3624,0.0000,8.7362,0.0000,-49.4184,
12.5224,0.0000,0.0000,0.0000,0.0000,0.0000,74.6922,0.0000,0.0000,5.8899,0.0000,0.0000,0.0000,0.0676,0.0000,0.0000,0.0430,0.0000,0.0000,3.0575,0.0000,0.0000,2.6719,0.0991,0.0000,0.2722,0.6842,0.0000,0.0000,-5.2474,0.0000,0.0000,0.0000,0.0000,0.0000,3.1038,0.0000,0.0000,-22.1073,0.0000,0.0000,0.0000,-43.7870,0.0000,0.0000,-58.3721,0.0000,0.0000,6.5446,0.0000,0.0000,-14.9818,-56.2059,0.0000,-96.2160,14.8202,0.0000,0.0000,-36.4718,
1.7398,0.0000,0.0000,50.2383,0.0000,0.0000,-5.9759,0.0000,0.0000,0.0000,0.0000,0.0000,0.0000,0.0202,0.0076,0.0000,0.0000,43.7152,0.0000,0.0429,0.0000,0.0000,9.2942,0.0000,0.0000,0.2824,0.0151,0.6203,0.0000,-27.6469,0.0000,0.0000,45.7119,0.0000,0.0000,8.2013,0.0000,0.0000,0.0000,0.0000,0.0000,0.0000,-47.5248,-13.1579,0.0000,0.0000,-41.5203,0.0000,0.0000,0.0000,0.0000,-47.0928,0.0000,0.0000,-35.7295,5.2980,-47.2352,0.0000,28.2677,
0.2317,0.0000,-0.1904,20.9601,0.0000,0.3935,3.7405,0.0000,0.0000,26.0288,0.0000,0.0000,0.0000,0.0000,0.2910,0.0000,0.0000,0.0000,0.0368,47.7299,0.0000,0.0000,0.0000,0.0000,0.1227,0.0000,0.6555,0.0000,0.0000,-13.8110,0.0000,99.3697,2.6083,0.0000,24.9555,-1.5907,0.0000,0.0000,12.6103,0.0000,0.0000,0.0000,0.0000,30.8591,0.0000,0.0000,0.0000,39.6739,-9.2764,0.0000,0.0000,0.0000,0.0000,120.0489,0.0000,9.6415,0.0000,0.0000,-14.4673,
8.2082,0.0000,-1.1793,57.3791,0.0000,5.1005,3.8099,0.0000,0.0000,4.6309,0.0000,0.0000,0.0000,0.0000,0.4219,0.0000,0.0000,0.0000,0.0000,7.7777,0.0000,0.0000,12.3672,0.0000,0.0000,1.4839,0.0000,0.0000,0.0000,-19.1065,0.0000,19.0961,-15.0288,0.0000,-7.1032,457.2876,0.0000,0.0000,95.5387,0.0000,0.0000,0.0000,0.0000,0.0000,0.0000,0.0000,0.0000,0.0000,18.4116,0.0000,0.0000,-99.7372,0.0000,0.0000,-13.0130,0.0000,0.0000,0.0000,6.8266,
18.7003,0.0000,0.0000,35.3517,0.0000,44.2084,-73.1789,0.0000,0.0000,0.0000,0.0000,0.0000,0.0000,0.0000,0.0000,0.0000,0.0000,0.0000,0.0000,0.0000,0.0000,0.0000,0.0000,0.0000,0.2927,0.0000,0.0000,0.0000,74.6257,5726.3889,0.0000,0.0000,4680.2055,0.0000,2084.3622,-5053.5485,0.0000,0.0000,0.0000,0.0000,0.0000,0.0000,0.0000,0.0000,0.0000,0.0000,0.0000,0.0000,0.0000,0.0000,0.0000,0.0000,0.0000,579.8770,0.0000,0.0000,0.0000,0.0000,1304.4887,
9.8609,0.0000,0.0000,44.4107,14.0710,4.0990,-1.2471,0.0000,0.0000,1.7284,0.0000,0.0000,0.0000,0.4328,3.2564,0.0000,0.0000,0.0000,0.0000,5.0353,0.0000,0.0000,17.4973,0.8552,0.0000,0.0000,0.0000,0.0000,0.0000,22.8509,0.0000,0.0000,10.3281,-92.7248,14.9549,-949.4828,0.0000,0.0000,-97.1187,0.0000,0.0000,0.0000,25.0231,0.0000,0.0000,0.0000,0.0000,0.0000,-99.4439,0.0000,0.0000,17.0175,71.3050,0.0000,0.0000,0.0000,0.0000,0.0000,-8.0486,
3.4905,0.0000,0.0000,57.9650,0.0000,0.0000,-6.2005,0.0000,0.0000,10.6695,0.0000,0.0000,0.0000,0.0000,1.9624,0.0000,0.0000,0.0000,0.0000,29.6064,0.0000,0.0000,1.1214,0.0220,0.0000,0.0000,1.3632,0.0000,0.0000,-7.3886,0.0000,0.0000,-9.3082,0.0000,0.0000,-175.4697,0.0000,0.0000,72.2133,0.0000,0.0000,0.0000,0.0000,39.9052,0.0000,0.0000,0.0000,0.0000,-64.4523,0.0000,0.0000,-4.9046,510.9091,0.0000,0.0000,92.2095,0.0000,0.0000,18.5279,
11.9495,0.0000,-0.0121,92.1452,0.0000,0.0000,-6.2096,0.0000,0.0000,0.0000,0.0000,0.0000,0.0000,0.0000,0.0000,0.0000,0.0000,0.0000,0.0000,2.0914,0.0000,0.0000,0.0279,0.0000,0.0000,0.0000,0.0000,0.0078,0.0000,-18.8418,0.0000,0.0000,-18.8519,0.0000,0.0000,18.9304,0.0000,0.0000,0.0000,0.0000,0.0000,0.0000,0.0000,0.0000,0.0000,0.0000,0.0000,0.0000,-99.7848,0.0000,0.0000,-2.5090,0.0000,0.0000,0.0000,0.0000,-3.8462,0.0000,-16.6663,
1.4992,0.0000,0.0000,37.2283,0.0000,0.0000,1.2309,0.0000,0.0000,14.5193,0.0000,0.0000,0.0000,0.0000,1.1634,0.0000,3.4983,0.0000,0.0000,11.1361,0.0000,0.0000,25.2964,0.3350,1.5830,0.3258,2.1693,0.0150,0.0000,-6.0165,0.0000,0.0000,-2.9096,0.0000,0.0000,41.5712,0.0000,0.0000,14.5909,0.0000,0.0000,0.0000,0.0000,30.6687,0.0000,0.0000,0.0000,0.0000,47.2194,0.0000,0.0000,-17.4958,-8.5970,-16.0013,5.6476,-18.2916,10083.3333,0.0000,-4.1111,
54.5837,0.0000,-13.9275,45.4875,-11.5803,0.5776,-3.3353,0.0000,0.0000,5.5165,0.0000,0.0000,0.0000,0.0050,0.0596,0.0000,0.2659,0.0000,0.0000,0.6030,0.0000,0.0000,0.9963,0.0000,0.0000,0.0496,20.6985,0.0000,0.0000,-15.6955,0.0000,15.2712,-21.0007,-164.9508,-15.7029,72.6561,0.0000,0.0000,0.0000,0.0000,0.0000,0.0000,-16.0000,5233.3893,0.0000,-22.1512,0.0000,0.0000,758.7231,0.0000,0.0000,-6.9256,0.0000,0.0000,-21.1694,-36.1374,0.0000,0.0000,-17.1630,
14.8203,0.0000,0.0000,18.3130,0.0000,0.0000,8.6887,0.0000,0.0000,2.1059,0.0000,0.0000,0.0000,0.0323,1.5210,0.0000,31.7243,15.5444,0.0000,2.4534,0.0000,0.0000,0.6539,0.1905,0.0000,0.0000,3.7054,0.2469,0.0000,-8.7724,0.0000,0.0000,-1.6158,0.0000,0.0000,-3.6346,0.0000,0.0000,137.2762,0.0000,0.0000,0.0000,-12.0743,3.5043,0.0000,-99.8689,19.1529,0.0000,1151.9524,0.0000,0.0000,7.6464,-42.2572,0.0000,0.0000,-42.2788,388.6999,0.0000,-44.1206,
21.2493,0.0000,0.0000,61.4762,0.0000,0.0000,0.1266,0.0000,0.0000,7.9620,0.0000,0.0000,0.0000,0.2433,0.5338,0.0000,0.0000,0.0000,0.0000,1.0030,0.0000,0.0000,6.8795,0.0000,0.0000,0.0099,0.5164,0.0000,0.0000,-30.5652,0.0000,0.0000,-36.6452,0.0000,0.0000,139.5735,0.0000,0.0000,-28.8897,0.0000,0.0000,0.0000,141.3070,-63.4320,0.0000,0.0000,0.0000,0.0000,1509.4915,0.0000,0.0000,55.9358,0.0000,0.0000,112.1212,2135.8443,0.0000,0.0000,-24.5930,
2.8717,0.0000,-0.0417,55.7220,0.0000,0.0000,7.6241,0.0000,0.0000,0.0000,0.0000,0.0000,0.0000,0.0000,0.9714,0.0000,0.0000,0.0000,0.0000,22.9206,0.0000,0.0000,4.9562,0.6019,3.5819,0.4899,0.3019,0.0000,0.0000,4.3772,0.0000,0.0000,-38.8285,0.0000,0.0000,118.9229,0.0000,0.0000,0.0000,0.0000,0.0000,0.0000,0.0000,0.0000,0.0000,0.0000,0.0000,0.0000,0.0000,0.0000,0.0000,59.9431,0.0000,0.0000,16.7177,1463.0341,0.0000,0.0000,52.6373,
15.2507,0.0000,-2.0284,31.4620,7.8413,19.3467,-7.4382,0.0000,0.0000,0.0000,0.0000,0.0000,0.0000,0.1387,2.0467,0.0000,2.6827,5.2790,0.0000,0.0000,0.0000,0.0000,20.7103,0.0000,0.0000,1.7326,0.0000,2.9758,0.0000,-9.7609,0.0000,99.0682,-10.7596,124.7535,-8.8454,-204.6611,0.0000,0.0000,0.0000,0.0000,0.0000,0.0000,-59.1204,107.3631,0.0000,-6.7693,-55.4840,0.0000,0.0000,0.0000,0.0000,40.4388,0.0000,0.0000,151.3621,0.0000,-11.1903,0.0000,-12.2613,
0.2103,0.0000,0.0000,9.3862,0.0000,0.0000,3.8038,0.0000,0.0000,39.2681,0.0000,0.0000,0.0000,0.0000,0.0023,0.0000,0.0000,0.0000,0.0000,47.0664,0.0000,0.0000,0.0000,0.0000,0.1280,0.0000,0.1350,0.0000,0.0000,-24.3462,0.0000,0.0000,-15.0753,0.0000,0.0000,0.7939,0.0000,0.0000,45.3230,0.0000,0.0000,0.0000,0.0000,0.0000,0.0000,0.0000,0.0000,0.0000,-36.4249,0.0000,0.0000,0.0000,0.0000,505.6250,0.0000,70.6667,0.0000,0.0000,-15.0232,
11.2469,0.0000,-3.1100,59.9811,0.0000,0.5586,-2.8636,0.0000,0.1672,20.3652,0.0000,0.0000,0.0000,0.0000,0.3845,0.0119,0.0831,0.5538,0.2116,4.8997,0.0000,0.0000,6.2171,0.0000,0.0000,0.2572,0.0000,1.0357,0.0000,-5.9901,0.0000,0.0000,-12.8282,0.0000,192.6602,-132.6826,0.0000,-52.9904,-10.1335,0.0000,0.0000,0.0000,0.0000,7.5163,80.6723,-36.1011,-7.9090,-7.3724,60.7017,0.0000,0.0000,-5.5605,0.0000,0.0000,-11.6641,0.0000,-1.2359,0.0000,5.9362,
0.2333,0.0000,-0.1515,10.5678,0.0000,0.5109,1.8431,0.0000,0.0000,4.2672,0.0000,0.0000,0.0000,0.0016,0.2260,0.0000,0.1466,0.0000,0.0000,13.0628,0.0000,0.0000,68.9728,0.0264,0.0141,0.0032,0.2756,0.0000,0.0000,-5.6580,0.0000,0.0000,5.7003,0.0000,-31.9828,-26.1407,0.0000,0.0000,-21.1731,0.0000,0.0000,0.0000,6.2500,0.0000,0.0000,-24.2838,0.0000,0.0000,35.9731,0.0000,0.0000,-4.8684,-7.1970,0.0000,81.2500,-87.7358,0.0000,0.0000,-21.1986,
2.0078,0.0000,0.0000,21.5266,1.9907,0.0000,9.6523,0.0000,0.0000,20.1845,0.0000,0.0000,0.0000,0.3614,0.5995,0.0000,0.0000,0.4938,0.0000,0.0000,0.0000,0.0000,0.0000,0.1155,0.0000,1.7023,40.4385,0.9270,0.0000,-21.6904,0.0000,0.0000,14.1825,414.2111,0.0000,-52.4880,0.0000,0.0000,-74.1143,0.0000,0.0000,0.0000,-9.9059,400.1334,0.0000,0.0000,20.4334,0.0000,0.0000,0.0000,0.0000,0.0000,3.3766,0.0000,-3.8477,-89.3663,-94.7896,0.0000,9.8300,
5.2049,0.0000,-1.0410,0.0000,0.0000,32.2483,44.1331,0.0000,0.0000,0.0000,0.0000,0.0000,0.0000,1.5896,8.4943,0.0000,0.0000,0.0000,0.0000,3.1458,0.0000,0.0000,5.4401,0.7276,0.0385,0.0187,0.0000,0.0000,0.0000,-0.3804,0.0000,0.3842,0.0000,0.0000,-7.3716,1.1021,0.0000,0.0000,0.0000,0.0000,0.0000,0.0000,1.1827,-6.2030,0.0000,0.0000,0.0000,0.0000,84.1408,0.0000,0.0000,-13.1523,31.5558,398.1818,537.9679,0.0000,0.0000,0.0000,44.1789,
20.9071,0.0000,-0.6187,45.5752,0.0000,1.9977,-2.0061,0.0000,0.0000,2.7161,0.0000,0.0000,0.0000,0.0000,2.1744,0.0000,0.0000,0.0000,0.0000,9.1966,0.0000,0.0000,18.5513,0.2929,0.0000,1.2136,0.0000,0.0000,0.0000,-1.0604,0.0000,67.9489,-0.1433,0.0000,0.0000,-747.5001,0.0000,0.0000,-31.1881,0.0000,0.0000,0.0000,0.0000,-2.9571,0.0000,0.0000,0.0000,0.0000,-55.2465,0.0000,0.0000,-40.3853,3.9604,0.0000,28.1229,0.0000,0.0000,0.0000,-40.7625,
83.9295,0.0000,0.0000,70.9580,0.0244,0.0000,-122.4798,0.0000,0.0000,21.4630,0.0000,0.0000,0.0000,0.3358,1.3024,0.0000,0.0000,10.7457,0.0000,6.3267,0.0000,0.0000,19.6678,0.0000,0.0000,3.8261,0.1963,3.7042,0.0000,-5.3148,0.0000,0.0000,-5.3148,10.2459,0.0000,10.7417,0.0000,0.0000,-25.0487,0.0000,0.0000,0.0000,1.5485,-1.0826,0.0000,0.0000,-17.6973,0.0000,19.8097,0.0000,0.0000,5.3092,0.0000,0.0000,-21.6670,0.0000,-1.9572,0.0000,-19.6936,
0.1245,0.0000,0.0000,0.0000,0.0000,53.7624,10.1429,0.0000,9.1893,0.0000,0.0000,0.0000,0.0000,0.0000,0.9881,0.0181,0.1479,0.0000,0.3097,12.2511,0.0000,0.0000,2.3701,0.0000,0.0000,1.0595,3.9737,5.6626,0.0000,-8.7550,0.0000,0.0000,0.0000,0.0000,8.0424,7.2573,0.0000,89.5922,0.0000,0.0000,0.0000,0.0000,0.0000,172.5534,-28.1768,-44.9628,0.0000,231.5144,-93.4569,0.0000,0.0000,-44.6648,0.0000,0.0000,-99.9245,-32.6623,-13.5521,0.0000,-84.4707,
1.1460,0.0000,-0.0016,21.2154,0.0000,8.8102,3.2889,0.0000,0.0000,1.4882,0.0000,0.0000,0.0000,0.0000,0.7535,0.1115,0.0000,12.3754,0.0000,10.4601,0.0000,0.0000,35.2031,0.0000,2.1366,0.7221,0.9309,1.3595,0.0000,11.5620,0.0000,-18.7500,24.0344,0.0000,11.5661,32.7769,0.0000,0.0000,6.7262,0.0000,0.0000,0.0000,0.0000,10.8162,11.8386,0.0000,0.3256,0.0000,-64.3340,0.0000,0.0000,-8.5933,0.0000,59.1969,-28.8880,83.8973,26.0684,0.0000,-48.9796,
25.5473,0.0000,0.0000,0.0000,0.0000,6.5790,61.5452,0.0000,0.0000,0.0000,0.0000,0.0000,0.0000,0.8822,0.7493,0.0000,0.3546,0.0000,0.0000,0.0000,0.0000,0.0000,2.0048,0.1007,0.0742,0.2565,1.9062,0.0000,0.0000,1.2365,0.0000,0.0000,0.0000,0.0000,1.2358,0.8096,0.0000,0.0000,0.0000,0.0000,0.0000,0.0000,-4.3074,-24.3561,0.0000,-11.1675,0.0000,0.0000,0.0000,0.0000,0.0000,-20.3911,25.3227,-7.0081,-47.8363,-6.5156,0.0000,0.0000,8.9825,
9.1916,-2.4711,0.0000,43.7802,0.0000,12.4112,-1.9800,0.0000,0.0000,28.9931,0.0000,0.0000,0.0000,0.0000,2.5912,0.0000,0.0000,0.0000,0.0000,5.0630,0.0000,0.0000,2.1241,0.0000,0.0000,0.2943,0.0000,0.0023,0.0000,-1.1630,0.0000,0.0000,-1.2540,0.0000,-1.6517,-122.8636,0.0000,0.0000,-71.0486,0.0000,0.0000,0.0000,0.0000,-13.8546,0.0000,0.0000,0.0000,0.0000,478.3705,0.0000,0.0000,1.2900,0.0000,0.0000,-9.8539,0.0000,0.0000,0.0000,41.2426,
9.5870,0.0000,0.0000,43.2814,0.0000,0.0000,-0.0939,0.0000,0.0000,4.5293,0.0000,0.0000,0.0000,0.0596,0.4134,0.0000,0.0000,1.2539,0.0000,0.0000,0.0000,0.0000,38.1884,0.2346,0.0000,0.3662,1.7443,0.4358,0.0000,33.4860,0.0000,0.0000,33.1958,0.0000,0.0000,-15598.8285,0.0000,0.0000,6.0208,0.0000,0.0000,0.0000,33.3893,44.1703,0.0000,0.0000,-5.9415,0.0000,0.0000,0.0000,0.0000,-10.6035,56.3512,0.0000,273.4844,-28.4584,18.5177,0.0000,-71.3381,
2.8777,0.0000,-0.1243,41.1099,0.0000,0.0000,36.6267,0.0000,0.0000,0.0000,0.0000,0.0000,0.0365,0.0204,0.8213,3.1859,0.0000,0.0000,0.0000,0.0000,0.0000,0.0000,13.4732,0.0000,0.0000,0.6564,0.0000,1.3163,0.0000,-6.3314,0.0000,-18.1818,-6.3311,0.0000,0.0000,0.0786,0.0000,0.0000,0.0000,0.0000,0.0000,10.6849,6.8627,31.3893,-17.0344,0.0000,0.0000,0.0000,0.0000,0.0000,0.0000,17.0939,0.0000,0.0000,-8.7751,0.0000,61.7412,0.0000,-13.5706,
9.2223,0.0000,0.0000,5.0394,4.9886,0.0000,48.9938,0.0000,0.0000,4.5072,0.0000,0.0000,0.0000,0.0000,4.2555,0.0735,1.2466,0.0000,0.0000,6.1266,0.0000,0.0000,12.2781,0.0000,1.3349,0.0031,1.9304,0.0000,0.0000,-15.6696,0.0000,0.0000,-15.6685,-5.0856,0.0000,-6.8060,0.0000,0.0000,91.7510,0.0000,0.0000,0.0000,0.0000,-13.6083,-11.2925,285.8976,0.0000,0.0000,79.5792,0.0000,0.0000,-46.4925,0.0000,-65.7877,6.4516,21.8556,0.0000,0.0000,-53.6585,
0.9585,0.0000,0.0000,49.1732,0.0000,36.7362,-157.7315,0.0000,0.0000,0.3922,0.0000,0.0000,0.0000,0.0131,0.0000,52.7846,0.0271,0.2995,0.2901,83.7327,0.0000,0.0000,30.4082,0.2197,0.0000,2.6587,0.0000,0.0378,0.0000,14.4810,0.0000,0.0000,14.4756,0.0000,14.4756,-8.2145,0.0000,0.0000,1.2239,0.0000,0.0000,0.0000,17.5573,0.0000,-33.9997,0.0000,-64.4407,-83.0403,13.1124,0.0000,0.0000,25.5678,-4.5972,0.0000,1.5797,0.0000,-8.7302,0.0000,-25.7993,
36.2014,0.0000,0.0000,0.5539,0.0000,0.0000,1.8872,0.0000,0.0000,40.7384,0.0000,0.0000,0.0000,0.0047,4.3057,0.0000,0.0000,0.0000,0.0000,6.2275,0.0000,0.0000,9.7612,0.0016,0.0000,0.1886,0.1298,0.0000,0.0000,-2.4132,0.0000,0.0000,1099.6931,0.0000,0.0000,17.1206,0.0000,0.0000,-14.4041,0.0000,0.0000,0.0000,89.3617,-1.6908,0.0000,0.0000,0.0000,0.0000,0.9731,0.0000,0.0000,3.7690,-18.7500,0.0000,-27.4655,15.0231,0.0000,0.0000,-35.8720,
8.6304,0.0000,0.0000,20.1128,3.4478,0.0000,44.4856,0.0000,0.0000,0.3110,0.0000,0.0000,0.0000,0.2429,2.6331,0.1131,0.0238,0.0000,0.0000,0.0003,0.0000,0.0000,17.4398,0.1643,0.0000,0.0418,2.3532,0.0000,0.0000,-9.9949,0.0000,0.0000,-9.9981,-45.5160,0.0000,0.6263,0.0000,0.0000,398.3601,0.0000,0.0000,0.0000,-13.5447,-9.3160,0.0000,-26.0504,0.0000,0.0000,250500.0000,0.0000,0.0000,11.3637,42.3615,0.0000,192.8230,18.6767,0.0000,0.0000,7.3795,
2.5371,0.0000,-1.1625,50.1741,0.0000,11.2441,2.1757,0.0000,0.0000,9.2796,0.0000,0.0000,0.0000,0.0153,0.3140,0.0000,0.0725,0.0214,0.0000,0.0000,0.0000,0.0000,0.0000,0.3816,0.0000,0.0485,24.8133,0.0853,0.0000,-1.0406,0.0000,-52.3183,3.6868,0.0000,-15.8252,211.5365,0.0000,0.0000,-6.2373,0.0000,0.0000,0.0000,-12.4183,-7.7707,0.0000,-18.0690,-7.9439,0.0000,0.0000,0.0000,0.0000,0.0000,45.8857,0.0000,-25.3608,-14.1533,-81.1254,0.0000,-18.6553,
5.6977,0.0000,0.0000,10.4951,1.7652,31.8028,17.9453,0.0000,0.0000,24.3689,0.0000,0.0000,0.0000,0.0000,0.6139,0.0807,0.0662,0.0000,0.0000,0.0000,0.0000,0.0000,6.1938,0.0000,0.0000,0.1321,0.0789,0.7593,0.0000,0.9056,0.0000,0.0000,0.9071,0.9121,57.8455,-109.6125,0.0000,0.0000,31.8320,0.0000,0.0000,0.0000,0.0000,-97.1494,3.0979,-34.7432,0.0000,0.0000,0.0000,0.0000,0.0000,-96.5465,0.0000,0.0000,22.1802,244.1065,-35.7171,0.0000,128.4405,
3.4340,0.0000,0.0000,58.4009,0.0000,0.0000,1.9011,0.0000,0.0000,2.3597,0.0000,0.0000,0.0000,1.0592,4.1422,0.0000,0.0000,2.5610,0.0000,19.7256,0.0000,0.0000,3.7560,0.1393,0.7654,0.5006,1.2550,0.0000,0.0000,2.5335,0.0000,0.0000,5.8703,0.0000,0.0000,-70.3593,0.0000,0.0000,-20.5704,0.0000,0.0000,0.0000,-2.0110,-2.0593,0.0000,0.0000,-9.6681,0.0000,-3.2597,0.0000,0.0000,4.2279,-25.9153,-94.8262,37.4151,-22.2550,0.0000,0.0000,7.5904,
61.6132,0.0000,0.0000,31.9230,0.0000,0.1640,2.6967,0.0000,0.0000,0.0000,0.0000,0.0000,0.0000,0.0000,0.2181,0.0744,0.0000,0.0000,0.0000,0.4853,0.0000,0.0000,1.5810,0.0000,0.2294,0.7494,0.1462,0.1192,0.0000,-2.6141,0.0000,0.0000,-10.1212,0.0000,-2.1341,147.5173,0.0000,0.0000,0.0000,0.0000,0.0000,0.0000,0.0000,-48.5099,-18.0108,0.0000,0.0000,0.0000,-96.7031,0.0000,0.0000,-73.2068,0.0000,0.0000,-87.5767,277.5650,-97.3154,0.0000,16.0319,
16.1004,0.0000,0.0000,4.7483,-0.1801,0.0000,39.2632,0.0000,0.0000,11.9798,0.0000,0.0000,0.0000,0.2429,1.7247,4.3007,0.1119,1.5254,1.0725,10.5853,0.0000,0.0000,7.5699,0.5212,0.0000,0.4202,0.0000,0.0136,0.0000,3.4471,0.0000,0.0000,3.4454,-121.9323,0.0000,10.1118,0.0000,0.0000,4.4366,0.0000,0.0000,0.0000,78.9625,-0.3189,-24.1217,28.6863,14.9207,-67.6270,-54.9035,0.0000,0.0000,7.6989,-36.6270,0.0000,191.5754,0.0000,-16.9118,0.0000,-13.5922,
2.5193,0.0000,0.0000,129.9646,0.0000,0.0000,-33.2327,0.0000,0.0000,0.4296,0.0000,0.0000,0.0000,0.0000,0.0000,0.0000,0.0000,0.0000,0.0000,0.1219,0.0000,0.0000,0.1974,0.0000,0.0000,0.0000,0.0000,0.0000,0.0000,-4.7196,0.0000,0.0000,-29.6902,0.0000,0.0000,-116.0333,0.0000,0.0000,94.1806,0.0000,0.0000,0.0000,0.0000,0.0000,0.0000,0.0000,0.0000,0.0000,0.0000,0.0000,0.0000,-70.0101,0.0000,0.0000,0.0000,0.0000,0.0000,0.0000,2.1611,
1.2912,0.0000,0.0000,4.2272,-0.1666,0.0000,50.0012,0.0000,0.0000,16.8305,0.0000,0.0000,0.0000,0.0000,0.5796,0.8694,0.3212,0.0000,0.0000,4.0114,0.0000,0.0000,20.7356,0.0000,0.0000,0.9684,0.0000,0.3309,0.0000,-1.4947,0.0000,0.0000,-1.5802,-339.7359,0.0000,-1.6642,0.0000,0.0000,-13.8914,0.0000,0.0000,0.0000,0.0000,65.7177,-11.3987,-26.7123,0.0000,0.0000,2.3508,0.0000,0.0000,12.7722,0.0000,0.0000,-14.5704,0.0000,-32.4569,0.0000,19.3171,
55.8700,0.0000,0.0000,1.5046,0.0000,-0.4513,1.8338,0.0000,0.0000,9.8127,0.0000,0.0000,2.9297,11.3311,0.0000,0.0000,0.0000,0.0000,0.0000,3.3324,0.0000,0.0000,11.7071,1.7244,0.0000,0.4055,0.0000,0.0000,0.0000,-28.1056,0.0000,0.0000,702.6186,0.0000,59.3397,460.5082,0.0000,0.0000,-34.9241,0.0000,0.0000,-28.1804,-9.7051,0.0000,0.0000,0.0000,0.0000,0.0000,15.7814,0.0000,0.0000,-4.2692,78.2185,0.0000,-6.5105,0.0000,0.0000,0.0000,0.3742,
30.5544,0.0000,-1.1671,28.9442,0.0000,2.3002,2.4625,0.0000,0.0000,5.2425,0.0000,0.0000,0.0000,0.0492,1.8134,0.0000,0.0000,2.5283,0.0000,10.3422,0.0000,0.0000,13.6237,0.2822,0.0000,0.0083,2.7946,0.2212,0.0000,-0.5626,0.0000,-201.8507,7.5994,0.0000,0.0000,-5.1289,0.0000,0.0000,48.1049,0.0000,0.0000,0.0000,-3.2520,19.2842,0.0000,0.0000,-4.8966,0.0000,20.9801,0.0000,0.0000,-3.8734,-30.3685,0.0000,6338.5542,-76.8804,28.1193,0.0000,-17.2233,
48.6064,0.0000,0.0000,0.0000,0.0000,0.0000,15.6268,0.0000,0.0000,4.9880,0.0000,0.0000,0.0000,2.7424,0.0000,4.0700,0.0343,0.6462,0.0000,8.9084,0.0000,0.0000,12.2684,0.2114,0.0000,1.5390,0.0000,0.3585,0.0000,-12.7677,0.0000,0.0000,0.0000,0.0000,0.0000,-15.3947,0.0000,0.0000,-48.2518,0.0000,0.0000,0.0000,-8.4816,0.0000,-37.3587,9340.5248,-26.7409,0.0000,26.1484,0.0000,0.0000,56.7711,14.2857,0.0000,23.8337,0.0000,13.7796,0.0000,-23.1535,
60.9992,0.0000,0.0000,22.4288,2.9972,2.0312,-18.6010,0.0000,0.0000,3.4534,0.0000,0.0000,0.0000,0.0667,0.6563,0.0000,0.0000,2.2291,0.0000,10.1988,0.0000,0.0000,11.5178,1.5987,0.0000,0.0000,0.2905,0.1334,0.0000,-2.0113,0.0000,0.0000,-83.2769,-2.0085,-2.0136,-136.8152,0.0000,0.0000,-52.6843,0.0000,0.0000,0.0000,-17.8411,183.0261,0.0000,0.0000,-8.7255,0.0000,-22.9939,0.0000,0.0000,-22.9896,6.0299,0.0000,0.0000,93.0465,5.9220,0.0000,-28.0548,
21.8625,0.0000,-26.7120,0.0000,-0.1988,78.4806,6.8237,0.0000,0.0000,0.3349,0.0000,0.0000,0.0000,2.6521,7.1287,0.0000,0.0000,0.0000,0.0000,0.0735,0.0000,0.0000,4.0572,1.0048,0.0708,1.3696,3.0524,0.0000,0.0000,-38.0835,0.0000,0.0000,0.0000,91.1469,-22.7951,17.9771,0.0000,0.0000,-30.8749,0.0000,0.0000,0.0000,-19.4412,-14.8877,0.0000,0.0000,0.0000,0.0000,6.1224,0.0000,0.0000,-11.1777,15.4558,6.6384,16.3113,-9.3926,0.0000,0.0000,20.1380,
2.7722,0.0000,0.0000,55.4890,0.0000,10.9827,1.5095,0.0000,0.0000,13.6850,0.0000,0.0000,0.0000,0.0000,2.3422,0.0106,0.0028,0.0000,0.0000,9.3628,0.0000,0.0000,0.7702,0.0000,0.0397,2.9016,0.0178,0.1139,0.0000,24.4210,0.0000,0.0000,0.9290,0.0000,17.9018,-1137.8006,0.0000,0.0000,12.4267,0.0000,0.0000,0.0000,0.0000,0.0000,377.3585,674289.2857,0.0000,0.0000,-62.8284,0.0000,0.0000,176.9800,0.0000,174.0554,5.8864,694.3820,-93.1519,0.0000,-28.0217,
12.2409,0.0000,0.0000,29.6986,0.0000,0.4398,20.1715,0.0000,0.0000,7.8238,0.0000,0.0000,0.0000,0.0000,0.4718,0.0047,0.0000,0.0000,0.0000,16.5466,0.0000,0.0000,7.2300,0.0000,0.0000,0.0230,0.9242,4.4250,0.0000,0.1993,0.0000,0.0000,14.0764,0.0000,-12.5057,-7.8408,0.0000,0.0000,-60.3070,0.0000,0.0000,0.0000,0.0000,-25.2437,-12.7660,0.0000,0.0000,0.0000,-5.2984,0.0000,0.0000,31.7787,0.0000,0.0000,-12.1739,164.6938,-18.8452,0.0000,-12.2967,
2.8294,0.0000,0.0000,31.6809,2.9970,0.0000,4.3400,0.0000,0.0000,16.3046,0.0000,0.0000,0.0000,0.0000,1.0861,0.0011,0.2746,0.0000,0.0000,38.2228,0.0000,0.0000,0.8171,0.0000,0.1555,0.2293,0.0000,1.0618,0.0000,-10.1011,0.0000,0.0000,-10.0976,25.5656,0.0000,-89.1498,0.0000,0.0000,49.6173,0.0000,0.0000,0.0000,0.0000,-3.2133,-72.7273,-36.2345,0.0000,0.0000,-3.5963,0.0000,0.0000,-17.1827,0.0000,0.0000,-36.9821,0.0000,36.5700,0.0000,-21.6186,
4.9829,0.0000,-15.6447,85.8413,0.0000,0.0387,3.4637,0.0000,0.0000,0.4806,0.0000,0.0000,0.0000,0.1215,0.0000,0.0000,0.0000,0.0276,0.0000,0.3812,0.0000,0.0000,17.3959,0.0000,2.0550,0.0000,0.8563,0.0000,0.0000,-8.9125,0.0000,8.9116,-8.4543,0.0000,108.0103,-7.0243,0.0000,0.0000,382.6675,0.0000,0.0000,0.0000,-8.8889,0.0000,0.0000,0.0000,-27.1739,0.0000,125.7345,0.0000,0.0000,19.5517,0.0000,39.8151,0.0000,-1.2729,0.0000,0.0000,-25.7366,
3.5523,0.0000,0.0000,0.0000,0.9905,0.0000,59.3258,0.0000,0.0000,0.0000,0.0000,0.0000,0.0000,0.3785,0.0000,0.0000,0.0246,0.0000,0.0000,5.7886,0.0000,0.0000,26.5242,0.0000,0.0000,0.0000,3.4055,0.0100,0.0000,-9.4756,0.0000,0.0000,0.0000,-20.8178,0.0000,-4.4490,0.0000,0.0000,0.0000,0.0000,0.0000,0.0000,15.8256,0.0000,0.0000,-19.5122,0.0000,0.0000,0.0000,0.0000,0.0000,-44.6988,0.0000,0.0000,0.0000,-26.8595,52564.0000,0.0000,-40.7115,
211.0705,0.0000,0.0000,0.0000,0.0000,5.0010,-151.5579,0.0000,0.0000,0.0000,0.0000,0.0000,0.0000,0.1000,4.7184,0.0000,0.0000,0.0000,0.0000,6.6140,0.0000,0.0000,17.9672,0.0000,0.0000,1.8715,4.2152,0.0000,0.0000,-63.8773,0.0000,0.0000,0.0000,0.0000,29.1142,96.8227,0.0000,0.0000,0.0000,0.0000,0.0000,0.0000,-64.4000,-57.0448,0.0000,0.0000,0.0000,0.0000,-85.0862,0.0000,0.0000,-61.6863,0.0000,0.0000,-61.7152,-13.2663,0.0000,0.0000,-72.8411,
4.0119,0.0000,-0.4229,77.1157,0.0000,0.0000,-1.4421,0.0000,0.0000,1.4313,0.0000,0.0000,0.0000,0.0000,3.9794,0.8946,0.0000,1.9680,0.0000,0.6723,0.0000,0.0000,4.1366,0.0000,0.0000,0.0163,0.0000,7.6389,0.0000,21.8874,0.0000,-21.8728,12.4430,0.0000,0.0000,-786.2076,0.0000,0.0000,-9.0477,0.0000,0.0000,0.0000,0.0000,0.9625,38.8665,0.0000,-46.6108,0.0000,26.7886,0.0000,0.0000,54.6342,0.0000,0.0000,61.9632,0.0000,-10.8995,0.0000,-21.5488,
19.6651,0.0000,0.0000,8.8957,0.0000,12.4550,37.6502,0.0000,0.0000,0.0000,0.0000,0.0000,0.0000,0.0000,0.5868,0.0000,0.0000,0.0000,0.0000,0.0000,0.0000,0.0000,16.8170,0.0000,0.0000,0.0000,0.0000,3.9303,0.0000,-55.1764,0.0000,0.0000,18.9339,0.0000,0.0000,27.7714,0.0000,0.0000,0.0000,0.0000,0.0000,0.0000,0.0000,-42.0757,0.0000,0.0000,0.0000,0.0000,0.0000,0.0000,0.0000,52.3607,0.0000,0.0000,0.0000,0.0000,66.2876,0.0000,-28.5613,
0.4401,0.0000,-1.2605,29.8298,0.0000,9.7905,12.3908,0.0000,0.0000,23.0301,0.0000,0.0000,0.0000,0.6750,2.7189,0.0621,0.0000,0.0000,0.0000,5.0751,0.0000,0.0000,10.0955,0.0000,0.0000,0.0000,2.0923,5.0603,0.0000,-18.3595,0.0000,13.9786,-18.3719,0.0000,-18.4863,1.6085,0.0000,0.0000,10.4759,0.0000,0.0000,0.0000,-2.0296,20.1883,-93.2367,0.0000,0.0000,0.0000,76.8832,0.0000,0.0000,16.9155,0.0000,0.0000,0.0000,12.0346,-35.0078,0.0000,-36.3043,
11.1565,0.0000,0.0000,20.0868,0.0426,0.0000,0.5720,0.0000,0.0000,0.0051,0.0000,0.0000,1.4083,1.7209,0.0000,0.0000,0.9533,0.0000,0.0000,23.4109,0.0000,0.0000,29.7755,0.1519,0.0000,7.7209,2.9564,0.0388,0.0000,23.7368,0.0000,0.0000,27.2602,-52.5822,0.0000,-2531.0315,0.0000,0.0000,331.3725,0.0000,0.0000,-2.7906,22.5522,0.0000,0.0000,-68.3311,0.0000,0.0000,9.7211,0.0000,0.0000,3.9465,0.6583,0.0000,10.3304,81.0716,39.6907,0.0000,-12.5000,
28.6498,0.0000,0.0000,27.3316,0.0000,-0.3980,3.9876,0.0000,0.0000,2.4453,0.0000,0.0000,0.0000,3.2725,4.8381,0.0000,0.0000,0.0000,0.0000,5.1565,0.0000,0.0000,7.1938,0.9845,0.0000,2.0704,14.2914,0.1765,0.0000,-2.3609,0.0000,0.0000,8.6662,0.0000,26.6080,-67.0905,0.0000,0.0000,27.6203,0.0000,0.0000,0.0000,23.4683,-16.3907,0.0000,0.0000,0.0000,0.0000,61.4642,0.0000,0.0000,-29.3544,1.3205,0.0000,-29.8590,-0.3443,0.0000,0.0000,2.2382,
1.3542,0.0000,-0.2262,39.5942,-0.5165,0.0000,3.0937,0.0000,0.0000,0.0000,0.0000,0.0000,0.0000,0.0112,0.0707,0.0000,0.0000,0.0000,0.0000,0.0521,0.0000,0.0000,38.7677,1.0182,0.8786,0.2224,1.5161,14.1635,0.0000,-30.1433,0.0000,-90.5836,-25.6255,37.3088,0.0000,135.1553,0.0000,0.0000,0.0000,0.0000,0.0000,0.0000,-30.3571,-28.2885,0.0000,0.0000,0.0000,0.0000,-67.5624,0.0000,0.0000,26.0820,-9.3204,111.3590,-31.6097,87.1974,-40.9687,0.0000,63.4011,
5.4814,0.0000,0.0000,36.7637,0.1428,2.6069,0.2754,0.0000,0.0000,1.5815,0.0000,0.0000,0.0000,0.0121,0.5885,1.2409,3.0823,0.0000,0.0000,0.0000,0.0000,0.0000,35.5424,0.0000,0.0000,0.3798,11.8205,0.4818,0.0000,-0.4743,0.0000,0.0000,-2.0020,-0.4902,38.8277,582.9702,0.0000,0.0000,218.9314,0.0000,0.0000,0.0000,0.8264,-3.1776,0.0000,41.7026,0.0000,0.0000,0.0000,0.0000,0.0000,-11.6039,0.0000,0.0000,-31.2796,-6.0683,-79.4728,0.0000,-40.4540,
24.8953,0.0000,0.0000,31.5642,0.0000,23.1043,-26.8038,0.0000,0.0000,1.6635,0.0000,0.0000,0.0000,0.0000,0.2477,0.0102,0.0000,0.0000,0.0000,31.5863,0.0000,0.0000,10.4468,0.0000,0.3614,2.6662,0.2431,0.0148,0.0000,-28.9408,0.0000,0.0000,-28.9410,0.0000,-24.4643,-114.3353,0.0000,0.0000,850.1052,0.0000,0.0000,0.0000,0.0000,36.2535,-9.8039,0.0000,0.0000,0.0000,-83.1468,0.0000,0.0000,40.7666,0.0000,65.7167,-69.1884,263.5952,583.1081,0.0000,3.2756,
46.6107,0.0000,0.0000,98.2183,-0.1299,0.0000,-160.5108,0.0000,0.0000,68.9447,0.0000,0.0000,0.0000,0.0000,0.0294,0.0000,0.0000,0.0000,0.0000,26.8150,0.0000,0.0000,4.6161,0.0000,0.0000,5.6203,9.7862,0.0000,0.0000,55.7578,0.0000,0.0000,55.7578,0.0000,0.0000,-99.3534,0.0000,0.0000,-2.6665,0.0000,0.0000,0.0000,0.0000,-72.4490,0.0000,0.0000,0.0000,0.0000,257.5984,0.0000,0.0000,-17.7986,0.0000,0.0000,61.5163,89.2951,0.0000,0.0000,609.6654,
4644.9781,0.0000,0.0000,0.0000,0.0000,0.0000,10968.2382,0.0000,0.0000,0.0000,0.0000,0.0000,0.0000,0.0000,0.0000,0.0000,0.0000,0.0000,0.0000,0.0000,0.0000,0.0000,9529.1787,0.0000,0.0000,98491.3856,48043.3730,5923.6740,0.0000,-92.3637,0.0000,0.0000,0.0000,0.0000,0.0000,-224.9174,0.0000,0.0000,0.0000,0.0000,0.0000,0.0000,0.0000,0.0000,0.0000,0.0000,0.0000,0.0000,0.0000,0.0000,0.0000,-92.3431,0.0000,0.0000,-92.5113,-91.5653,-92.3807,0.0000,1380.6452,
56.4106,0.0000,0.0000,5.1132,1.3655,0.0000,12.4665,0.0000,0.0000,8.0261,0.0000,0.0000,0.0000,0.0000,0.0000,1.2645,0.0000,0.0000,0.0000,1.7459,0.0000,0.0000,5.7108,0.0000,0.0000,1.2833,6.6137,0.0000,0.0000,1.8901,0.0000,0.0000,167.1360,-1.4427,0.0000,-64.0244,0.0000,0.0000,-3.9222,0.0000,0.0000,0.0000,0.0000,0.0000,4.9189,0.0000,0.0000,0.0000,76.0296,0.0000,0.0000,-9.8620,0.0000,0.0000,-21.5071,-41.5940,0.0000,0.0000,-28.5679,
5.8675,0.0000,0.0000,31.1824,0.9865,0.0000,-15.7923,0.0000,0.0000,0.2300,0.0000,0.0000,0.0000,1.5068,1.7031,0.0000,0.0000,0.6337,0.0000,13.3553,0.0000,0.0000,34.7116,0.7362,0.0000,1.1446,7.9141,15.8204,0.0000,43.7375,0.0000,0.0000,-20.9987,36.3305,0.0000,-116.8221,0.0000,0.0000,48.1304,0.0000,0.0000,0.0000,8.8067,-14.5617,0.0000,0.0000,25.6273,0.0000,69.5769,0.0000,0.0000,19.3976,77.3431,0.0000,30.8579,14.3668,24.2042,0.0000,42.5985,
39.3124,0.0000,0.0000,60.7522,16.7729,0.0000,-57.9614,0.0000,0.0000,0.0000,0.0000,0.0000,0.0000,0.0000,1.3492,0.0000,0.0000,0.0000,0.0000,9.5555,0.0000,0.0000,23.7224,0.9519,0.0000,5.5448,0.0000,0.0000,0.0000,-10.1345,0.0000,0.0000,-97.9095,-10.1765,0.0000,-122.4701,0.0000,0.0000,0.0000,0.0000,0.0000,0.0000,0.0000,302.3644,0.0000,0.0000,0.0000,0.0000,7.3706,0.0000,0.0000,-38.0999,-87.7928,0.0000,-54.0398,0.0000,0.0000,0.0000,71.6449,
3.7811,0.0000,0.0000,51.5154,0.6327,0.0000,27.0894,0.0000,0.0000,15.7996,0.0000,0.0000,0.0000,0.0000,0.0000,0.0000,0.0000,0.0000,0.0000,0.9046,0.0000,0.0000,0.2774,0.0000,0.0000,0.0000,0.0000,0.0000,0.0000,-6.5854,0.0000,0.0000,-6.5846,10.1312,0.0000,-1.4393,0.0000,0.0000,22.4911,0.0000,0.0000,0.0000,0.0000,0.0000,0.0000,0.0000,0.0000,0.0000,67.6984,0.0000,0.0000,-71.7736,0.0000,0.0000,0.0000,0.0000,0.0000,0.0000,-20.3196,
3.3268,0.0000,-0.2326,24.3985,28.6567,0.0020,4.6078,0.0000,0.7543,8.5852,0.0000,0.0000,0.0000,0.3204,7.2426,0.0000,0.0000,1.1614,0.8650,13.0312,0.0000,0.0000,6.4741,0.8066,0.0000,0.0000,0.0000,0.0000,0.0000,-6.8715,0.0000,6.8788,3.1752,-6.6662,-5.0000,0.3885,0.0000,0.0000,31.7442,0.0000,0.0000,0.0000,-16.3546,-7.3786,0.0000,0.0000,19.5626,15.2717,-17.1980,0.0000,0.0000,19.4297,51.4133,0.0000,0.0000,0.0000,0.0000,0.0000,-36.8284,
2.7014,0.0000,0.0000,42.3929,-0.0342,0.0000,-3.4041,0.0000,0.0000,4.4289,0.0000,0.0000,0.0000,0.0049,0.0000,0.0000,0.0000,0.0000,0.0000,39.4611,0.0000,0.0000,13.2457,0.0906,0.0000,0.6047,0.5082,0.0000,0.0000,-2.4321,0.0000,0.0000,-2.4294,-0.2924,0.0000,23.4541,0.0000,0.0000,-48.5199,0.0000,0.0000,0.0000,-16.3265,0.0000,0.0000,0.0000,0.0000,0.0000,-13.5541,0.0000,0.0000,18.5585,9.1611,0.0000,-14.2219,13.0264,0.0000,0.0000,-32.2118,
8.1700,0.0000,0.0000,41.6575,0.0000,7.4593,-10.9946,0.0000,0.0000,0.0000,0.0000,0.0000,0.0000,0.0000,0.2816,0.0000,0.0000,0.0000,0.0000,46.4860,0.0000,0.0000,6.7832,0.0000,0.1224,0.0347,0.0000,0.0000,0.0000,264.9914,0.0000,0.0000,24.9749,0.0000,74.4105,-238.4689,0.0000,0.0000,0.0000,0.0000,0.0000,0.0000,0.0000,4.8651,0.0000,0.0000,0.0000,0.0000,-28.2481,0.0000,0.0000,24.1302,0.0000,71.1601,23.6311,0.0000,0.0000,0.0000,-59.0399,
99.2318,0.0000,0.0000,49.7871,3.7066,0.0653,-53.2284,0.0000,0.0000,0.0000,0.0000,0.0000,0.0000,0.0000,0.1723,0.0000,0.0000,0.0000,0.0000,0.0020,0.0000,0.0000,0.2099,0.0000,0.0000,0.0257,0.0000,0.0277,0.0000,-90.2362,0.0000,0.0000,68.3838,-2.3687,-2.2971,-104.3945,0.0000,0.0000,0.0000,0.0000,0.0000,0.0000,0.0000,29.0192,0.0000,0.0000,0.0000,0.0000,0.0000,0.0000,0.0000,0.3811,0.0000,0.0000,-24.9027,0.0000,-85.9206,0.0000,-18.2230,
9.5386,0.0000,0.0000,24.6333,0.0000,0.0000,-1.9654,0.0000,0.0000,7.3508,0.0000,0.0000,0.0000,0.1305,1.9461,0.0000,0.0000,4.6738,0.0000,36.7957,0.0000,0.0000,13.9739,0.0000,0.0000,1.9525,0.2522,0.7180,0.0000,-6.6467,0.0000,0.0000,-6.6467,0.0000,0.0000,-561.4379,0.0000,0.0000,684.0711,0.0000,0.0000,0.0000,-3.1418,21.7615,0.0000,0.0000,-20.1356,0.0000,-94.7622,0.0000,0.0000,-10.0337,0.0000,0.0000,-7.8412,0.0000,30.4457,0.0000,-83.1051,
0.6946,0.0000,0.0000,44.6452,0.0031,2.0891,2.0797,0.0000,0.0000,7.1373,0.0000,0.0000,0.0000,0.1598,0.1389,0.0000,0.0000,12.2659,0.0000,8.9453,0.0000,0.0000,20.4383,0.0000,0.0000,0.0209,0.0000,1.3819,0.0000,-8.7244,0.0000,0.0000,-6.3225,-6.4516,-8.7310,141.7704,0.0000,0.0000,78.1500,0.0000,0.0000,0.0000,-31.4143,37.9410,0.0000,0.0000,-15.0466,0.0000,-62.8151,0.0000,0.0000,6.7736,0.0000,0.0000,1236.3636,0.0000,-13.1413,0.0000,-11.7068,
0.2975,0.0000,0.0000,69.2669,0.0000,4.9914,-11.7533,0.0000,0.0000,8.1551,0.0000,0.0000,0.0000,0.0000,0.0000,0.0000,0.0000,0.0000,0.0000,3.4971,0.0000,0.0000,23.8473,0.0000,0.0000,0.0000,1.6980,0.0000,0.0000,-5.9160,0.0000,0.0000,-24.9364,0.0000,-5.8981,-166.7421,0.0000,0.0000,-54.9791,0.0000,0.0000,0.0000,0.0000,0.0000,0.0000,0.0000,0.0000,0.0000,120.2053,0.0000,0.0000,-4.8291,0.0000,0.0000,0.0000,-42.0024,0.0000,0.0000,-40.7528,
38.0639,0.0000,0.0000,234.9559,0.0000,0.0000,-364.3019,0.0000,0.0000,154.3236,0.0000,0.2480,0.0000,0.0000,0.0000,1.6496,2.1369,0.0000,0.0000,1.8286,0.0000,0.0689,23.1920,0.0000,0.0000,7.3369,0.0000,0.4976,0.0000,6.2984,0.0000,0.0000,-11.3109,0.0000,0.0000,10.6700,0.0000,0.0000,-10.0822,0.0000,542.1774,0.0000,0.0000,0.0000,0.0000,-57.5366,0.0000,0.0000,98.5016,0.0000,292.8882,5.8197,0.0000,0.0000,-13.7115,0.0000,-0.6029,0.0000,5.8927,
14.7331,0.0000,0.0000,5.2070,0.0000,0.0000,20.8584,0.0000,0.0000,7.8980,0.0000,0.0000,0.0000,0.1816,0.5416,0.6896,0.0000,0.0000,0.0000,2.4454,0.0000,0.0000,6.1085,0.0000,9.4050,2.1191,1.6482,28.1644,0.0000,-9.1359,0.0000,0.0000,-9.1358,0.0000,0.0000,15.8483,0.0000,0.0000,-3.6794,0.0000,0.0000,0.0000,16.1344,650.5539,2.8277,0.0000,0.0000,0.0000,-31.2587,0.0000,0.0000,20.9364,0.0000,-14.5306,-55.2876,-56.2371,-6.4443,0.0000,9.8383,
107.8374,0.0000,0.0000,231.7521,0.2504,0.0000,-263.8512,0.0000,0.0000,0.2815,0.0000,0.0000,3.7845,0.0295,8.2859,0.0000,0.0000,0.0000,0.0000,0.0000,0.0000,0.0000,0.0000,0.2995,0.0000,0.0000,0.4436,10.8869,0.0000,-38.4321,0.0000,0.0000,-38.4321,-38.4185,0.0000,38.5979,0.0000,0.0000,-76.7318,0.0000,0.0000,0.0000,-28.1356,-40.0258,0.0000,0.0000,0.0000,0.0000,0.0000,0.0000,0.0000,0.0000,-25.6427,0.0000,0.0000,0.0000,206.5795,0.0000,-60.0000,
22.8175,0.0000,0.0000,76.7330,0.0000,0.0000,-0.8237,0.0000,0.0000,0.2556,0.0000,0.0000,0.0000,0.0183,0.4084,0.0000,0.0000,0.0000,0.0000,0.0000,0.0000,0.0000,0.2989,0.0023,0.0000,0.2898,0.0000,0.0000,0.0000,1.6045,0.0000,0.0000,0.5136,0.0000,0.0000,-155.2750,0.0000,0.0000,-12.9108,0.0000,0.0000,0.0000,1.0929,197.4535,0.0000,0.0000,0.0000,0.0000,0.0000,0.0000,0.0000,-7.6949,0.0000,0.0000,-79.9862,0.0000,0.0000,0.0000,-61.8056,
4.4156,0.0000,-9.4236,49.6028,0.0000,0.0000,3.7229,0.0000,0.0000,14.0110,0.0000,0.0000,0.0000,0.0000,0.9007,0.3783,0.1356,0.0000,0.0000,21.8311,0.0000,0.0000,14.2410,0.0000,0.0000,0.0789,0.0000,0.1059,0.0000,-8.3205,0.0000,0.0000,-26.4727,0.0000,0.0000,3.4704,0.0000,0.0000,16.6676,0.0000,0.0000,0.0000,0.0000,-5.3958,0.2379,-70.2065,0.0000,0.0000,14.3474,0.0000,0.0000,-18.2880,0.0000,0.0000,17.1103,0.0000,-48.5364,0.0000,-15.1338,
16.2028,0.0000,0.0000,0.0000,0.0000,71.1233,8.5475,0.0000,0.0000,0.0103,0.0000,0.0000,0.0000,0.0000,0.1064,0.4337,0.0000,0.3462,0.0000,0.0637,0.0000,0.0000,0.5185,0.5509,0.0000,0.0724,1.8347,0.1896,0.0000,-1.5615,0.0000,0.0000,0.0000,0.0000,6.7674,-52.3662,0.0000,0.0000,132.0388,0.0000,0.0000,0.0000,0.0000,43.8910,3.7122,0.0000,79.0583,0.0000,-63.2653,0.0000,0.0000,-41.0415,0.0726,0.0000,-70.5801,-9.4130,22.2574,0.0000,-50.7837,
1.8784,0.0000,0.0000,42.1026,31.4343,0.0000,9.0495,0.0000,0.0000,0.2770,0.0000,0.0000,0.0000,0.0628,0.3641,0.9089,0.0000,2.9026,0.0000,0.2749,0.0000,0.0000,5.7841,1.3484,1.9930,0.5543,0.0387,1.0264,0.0000,-2.7364,0.0000,0.0000,-2.7407,0.0000,0.0000,14.4107,0.0000,0.0000,-70.7942,0.0000,0.0000,0.0000,10.1911,-2.8838,-48.4542,0.0000,27.8164,0.0000,3114.7326,0.0000,0.0000,0.0000,-67.3836,-93.6478,44.7952,0.0000,10.1033,0.0000,-5.6250,
86.1442,0.0000,-0.0093,3.8997,0.0000,0.0000,-0.4483,0.0000,0.0000,0.0000,0.0000,0.0000,0.0000,0.1719,0.0000,0.0000,3.5206,0.0000,0.0000,0.0000,0.0000,0.0000,6.5721,0.1003,0.0000,0.0488,0.0000,0.0000,0.0000,4.3329,0.0000,-4.3011,-7.6621,0.0000,0.0000,-263.9973,0.0000,0.0000,0.0000,0.0000,0.0000,0.0000,189.0052,0.0000,0.0000,0.0000,0.0000,0.0000,0.0000,0.0000,0.0000,-28.8158,-50.7478,0.0000,-89.1393,0.0000,0.0000,0.0000,6.2497,
0.6850,0.0000,-0.0071,5.3059,0.1612,67.9455,3.4522,0.0000,0.0000,4.0743,0.0000,0.0000,0.0000,0.0000,0.5857,0.1695,2.0371,0.0000,0.0000,1.0186,0.0000,0.0000,13.4722,0.0000,0.0000,0.0600,1.0359,0.0040,0.0000,1.1241,0.0000,-1.4085,1.1195,1.1166,5.6762,-85.1747,0.0000,0.0000,-24.1612,0.0000,0.0000,0.0000,0.0000,51.9891,-7.6106,1.1192,0.0000,0.0000,1.1192,0.0000,0.0000,-4.4321,0.0000,0.0000,1.1667,26.0064,10.0000,0.0000,121.0372,
2.5126,0.0000,0.0000,0.0000,0.0170,16.0050,49.6392,0.0000,0.0000,0.0000,0.0000,0.0000,0.0000,0.0263,0.0000,0.0000,0.0000,0.0000,0.0000,29.8060,0.0000,0.0000,1.9905,0.0009,0.0017,0.0008,0.0000,0.0000,0.0000,80.4028,0.0000,0.0000,0.0000,-3721.7647,0.0000,15.2186,0.0000,0.0000,0.0000,0.0000,0.0000,0.0000,48.6692,0.0000,0.0000,0.0000,0.0000,0.0000,-6.0770,0.0000,0.0000,2.5069,44.4444,0.0000,0.0000,0.0000,0.0000,0.0000,-24.8629,
4.5388,0.0000,0.0000,52.1128,0.0000,7.5646,-3.2558,0.0000,0.0000,0.8155,0.0000,0.0000,0.0000,0.6385,0.0000,0.0000,0.0000,1.4963,0.0000,0.8049,0.0000,0.0000,34.8760,0.0000,0.0000,0.0272,0.0000,0.3813,0.0000,-10.3552,0.0000,0.0000,-18.2980,0.0000,-10.3548,-287.7879,0.0000,0.0000,98.4059,0.0000,0.0000,0.0000,-63.0384,0.0000,0.0000,0.0000,-23.8589,0.0000,6.9947,0.0000,0.0000,-7.5745,0.0000,0.0000,9458.8235,0.0000,-13.2179,0.0000,61.2426,
9.8537,0.0000,0.0000,54.6668,0.0000,0.0000,-0.8083,0.0000,0.0000,11.2358,0.0000,0.0000,0.0000,0.0903,1.0557,0.0000,0.0000,0.0842,0.0000,1.6547,0.0000,0.0000,14.9872,1.5184,0.0000,5.6023,0.0000,0.0590,0.0000,-0.2882,0.0000,0.0000,-0.2881,0.0000,0.0000,-443.0286,0.0000,0.0000,-12.8082,0.0000,0.0000,0.0000,5.4264,13.2424,0.0000,0.0000,-51.6627,0.0000,-8.6058,0.0000,0.0000,7.9194,-4.6167,0.0000,-55.3755,0.0000,-13.3898,0.0000,3.4729,
7.8141,0.0000,0.0000,34.4059,0.0000,25.4425,0.4977,0.0000,0.0000,0.0000,0.0000,0.0000,0.0000,0.0000,1.0662,0.0000,0.0000,0.0000,0.0000,0.0000,0.0000,0.0000,29.0083,0.4358,0.7322,0.4052,0.1922,0.0000,0.0000,3.5026,0.0000,0.0000,3.5026,0.0000,1.7141,-552.9034,0.0000,0.0000,0.0000,0.0000,0.0000,0.0000,0.0000,27.1806,0.0000,0.0000,0.0000,0.0000,0.0000,0.0000,0.0000,0.6391,11.7715,-5.7088,-26.0118,167.0656,0.0000,0.0000,18.4466,
4.9950,0.0000,0.0000,15.9910,0.0000,1.2306,45.7947,0.0000,0.0000,0.0000,0.0000,0.0000,0.0000,0.0923,0.0000,0.0000,0.0000,0.0000,0.0000,18.5240,0.0000,0.0000,12.3184,0.2557,0.6489,0.1494,0.0000,0.0000,0.0000,3.9179,0.0000,0.0000,6.4292,0.0000,-25.4266,22.6103,0.0000,0.0000,0.0000,0.0000,0.0000,0.0000,22.3185,0.0000,0.0000,0.0000,0.0000,0.0000,-85.3131,0.0000,0.0000,36.1264,269.9257,-99.2603,14.2570,0.0000,0.0000,0.0000,-22.4368,
2.6630,-2.1276,0.0000,26.5956,1.0904,25.6092,-6.6699,0.0000,0.0000,4.0129,0.0000,0.0000,0.0000,1.0158,2.2447,0.1207,0.0000,0.0000,0.0000,19.8352,0.0000,0.0000,24.3156,0.6918,0.0000,0.6027,0.0000,0.0000,0.0000,42.3695,0.0000,0.0000,7.5065,14.9762,-48.0288,-134.2929,0.0000,0.0000,58.9648,0.0000,0.0000,0.0000,-16.2532,-26.9034,-6.5452,0.0000,0.0000,0.0000,-34.2709,0.0000,0.0000,11.2331,-11.5929,0.0000,78.0322,0.0000,0.0000,0.0000,-26.3555,
1.7660,0.0000,0.0000,38.2910,0.0000,5.5362,1.5003,0.0000,0.0000,19.5981,0.0000,0.0000,0.0000,0.0000,2.7127,0.0000,0.0000,0.0000,0.0000,11.6066,0.0000,0.0000,18.5130,0.2962,0.0028,0.1772,0.0000,0.0000,0.0000,-13.8222,0.0000,0.0000,-10.4450,0.0000,-13.8218,303.0661,0.0000,0.0000,33.9660,0.0000,0.0000,0.0000,0.0000,45.1875,0.0000,0.0000,0.0000,0.0000,17.9734,0.0000,0.0000,-52.8904,-8.9804,0.0000,-93.2844,0.0000,0.0000,0.0000,-41.4241,
27.6618,0.0000,0.0000,124.2554,0.0000,2.1014,-61.4388,0.0000,0.0000,0.0000,0.0000,0.0000,0.1771,0.0000,1.7755,0.0000,0.0000,0.0000,0.0000,0.0000,0.0000,0.0000,5.2438,0.0728,0.0000,0.1413,0.0000,0.0098,0.0000,-1.0101,0.0000,0.0000,-49.9561,0.0000,-1.0089,-103.2808,0.0000,0.0000,0.0000,0.0000,0.0000,2548.6166,0.0000,-51.1124,0.0000,0.0000,0.0000,0.0000,0.0000,0.0000,0.0000,-93.2721,-2.4725,0.0000,-6.3694,0.0000,2039.7959,0.0000,-26.4881,
2.2546,0.0000,0.0000,24.6655,0.0000,0.0000,42.4242,0.0000,0.0000,8.7418,0.0000,0.0000,0.0000,0.0219,2.6783,0.0000,0.0000,0.0000,0.0000,10.0440,0.0000,0.0000,9.1560,0.0030,0.0107,0.0000,0.0000,0.0000,0.0000,19.6931,0.0000,0.0000,19.6919,0.0000,0.0000,10.4603,0.0000,0.0000,-68.8565,0.0000,0.0000,0.0000,59.3607,10.3536,0.0000,0.0000,0.0000,0.0000,-22.7200,0.0000,0.0000,-18.7298,-73.3333,0.0000,0.0000,0.0000,0.0000,0.0000,-39.1448,
0.6894,0.0000,0.0000,12.0430,0.0000,23.1777,1.0546,0.0000,0.0000,2.9059,0.0000,0.0000,0.0000,0.0000,2.0403,0.1356,4.8933,0.1131,0.0000,5.9536,0.0000,0.0000,31.7146,0.0000,0.1327,8.0023,7.0265,0.1173,0.0000,-3.3507,0.0000,0.0000,-2.8108,0.0000,-1.2413,13.5502,0.0000,0.0000,128.6383,0.0000,0.0000,0.0000,0.0000,-14.8900,4.6460,3.8297,-5.1282,0.0000,-57.0109,0.0000,0.0000,-1.4306,0.0000,514.4687,-2.5768,3.1168,31.2873,0.0000,4.6920,
10.0878,0.0000,-1.8626,34.3944,0.0000,22.7021,2.6925,0.0000,0.0000,2.7626,0.0000,0.0000,0.0000,0.0148,1.1360,0.0000,0.0000,1.0586,0.0000,0.0000,0.0000,0.0000,24.4431,0.0000,0.0000,1.1766,0.1475,1.2467,0.0000,20.6051,0.0000,-22.5169,19.2339,0.0000,20.6051,-313.2925,0.0000,0.0000,-8.3798,0.0000,0.0000,0.0000,20.2703,15.9067,0.0000,0.0000,-26.4595,0.0000,0.0000,0.0000,0.0000,-30.9711,0.0000,0.0000,225.8967,153.3559,39.8733,0.0000,-15.5585,
11.7418,0.0000,0.0000,15.1156,0.0000,0.0000,14.7810,0.0000,0.0000,3.0895,0.0000,0.0000,0.0000,0.0000,3.4717,1.3881,1.5050,0.0000,0.0000,23.9055,0.0000,0.0000,24.4121,0.0000,0.0000,0.5897,0.0000,0.0000,0.0000,24.2033,0.0000,0.0000,-9.7542,0.0000,0.0000,-79.4716,0.0000,0.0000,125.8877,0.0000,0.0000,0.0000,0.0000,5.2597,-84.0645,-47.7010,0.0000,0.0000,23.7874,0.0000,0.0000,11.2395,0.0000,0.0000,-40.3934,0.0000,0.0000,0.0000,22.1354,
10.4929,0.0000,0.0000,51.8224,0.0000,2.0572,24.0488,0.0000,0.0000,2.9859,0.0000,0.0000,0.0000,0.0000,2.2739,0.0000,0.0000,0.0000,0.0000,5.1689,0.0000,0.0000,0.8682,0.0000,0.0000,0.2817,0.0000,0.0000,0.0000,1.8584,0.0000,0.0000,-0.7039,0.0000,-7.3984,-8.2025,0.0000,0.0000,204.8997,0.0000,0.0000,0.0000,0.0000,-69.9371,0.0000,0.0000,0.0000,0.0000,-56.7742,0.0000,0.0000,86.4087,0.0000,0.0000,-17.2879,0.0000,0.0000,0.0000,-10.9326,
0.7936,0.0000,0.0000,4.7485,0.0000,55.6252,0.7196,0.0000,0.0000,6.2904,0.0000,0.0000,0.0000,0.1164,5.3955,0.0000,0.0000,0.0363,0.0000,25.1898,0.0000,0.0000,0.7518,0.0685,0.0000,0.0205,0.2328,0.0110,0.0000,-13.5711,0.0000,0.0000,-13.5748,0.0000,-6.7356,1.9733,0.0000,0.0000,352.8059,0.0000,0.0000,0.0000,8.2474,20.5894,0.0000,0.0000,-39.6694,0.0000,-78.2297,0.0000,0.0000,5.7861,-15.3285,0.0000,-4.8780,334.6649,-13.6364,0.0000,-15.0495,
5.8127,0.0000,0.0000,44.6123,0.0000,0.5208,-1.5852,0.0000,0.0000,19.3756,0.0000,0.0000,0.2861,0.0131,0.0000,0.0000,0.0000,14.9582,0.0478,7.0705,0.0000,0.0000,7.1739,0.5513,0.0000,0.0000,0.0000,1.1629,0.0000,-6.8815,0.0000,0.0000,2.6529,0.0000,-13.6713,82.3871,0.0000,0.0000,-2.8237,0.0000,0.0000,-16.7424,7.6336,0.0000,0.0000,0.0000,-20.4684,0.0000,12.2665,0.0000,0.0000,14.6015,-13.3321,0.0000,0.0000,0.0000,-13.4147,0.0000,-43.2502,
3.3944,0.0000,-5.0942,49.4839,0.0000,9.8290,15.7397,0.0000,0.0000,0.7908,0.0000,0.0000,0.0000,0.1078,0.0154,0.0000,0.0000,6.1418,0.0000,0.0000,0.0000,0.0000,10.9742,0.0051,0.0000,6.3986,0.4416,1.7717,0.0000,-5.2439,0.0000,0.0000,29.4959,0.0000,0.0000,-45.1876,0.0000,0.0000,-42.7795,0.0000,0.0000,0.0000,-18.7384,1005.8442,0.0000,0.0000,3.0740,0.0000,0.0000,0.0000,0.0000,-8.0835,-3.9216,0.0000,-23.1926,-8.5371,-36.0050,0.0000,-66.4145,
27.3342,0.0000,0.0000,0.0000,0.0000,22.3234,3.2290,0.0000,0.0000,6.1127,0.0000,0.0000,0.0000,0.0000,0.0000,0.4964,0.0000,0.0000,0.0000,2.5785,0.0000,0.0000,22.9038,0.0000,1.9541,1.5543,0.0000,11.5135,0.0000,6.3777,0.0000,0.0000,0.0000,0.0000,11.6859,-45.5280,0.0000,0.0000,-91.6060,0.0000,0.0000,0.0000,0.0000,0.0000,-16.4182,0.0000,0.0000,0.0000,154.7295,0.0000,0.0000,-3.1178,0.0000,-66.5166,143.2156,0.0000,-12.1814,0.0000,-35.9105,
1.7136,0.0000,0.0000,4.1465,0.0000,-0.0654,65.6724,0.0000,0.0000,0.1552,0.0000,0.0000,0.0000,1.6295,2.3372,0.0000,0.0000,0.0000,0.0000,0.0000,0.0000,0.0000,23.2775,0.0770,0.0000,0.8308,0.0000,0.2258,0.0000,-13.0602,0.0000,0.0000,1258.9220,0.0000,-4.1284,-75.7132,0.0000,0.0000,0.0000,0.0000,0.0000,0.0000,-7.2967,-39.2008,0.0000,0.0000,0.0000,0.0000,0.0000,0.0000,0.0000,-13.0534,11.1688,0.0000,0.0000,0.0000,514.3933,0.0000,-16.9678,
3.3274,0.0000,0.0000,33.4229,0.0000,0.0000,4.9538,0.0000,0.0000,12.7726,0.0000,0.0000,0.0000,0.0901,1.4048,0.0000,0.0000,0.1513,0.0000,0.0000,0.0000,0.0000,42.2772,0.0000,0.0000,0.0623,0.6164,0.9212,0.0000,-1.0459,0.0000,0.0000,1.7985,0.0000,0.0000,69.6920,0.0000,0.0000,11.5309,0.0000,0.0000,0.0000,-0.9989,0.0000,0.0000,0.0000,-30.7997,0.0000,0.0000,0.0000,0.0000,-10.9541,0.0000,0.0000,-21.6693,69.9221,18.9318,0.0000,-41.8853,
27.2197,0.0000,0.0000,47.0413,0.0000,0.0000,-30.2807,0.0000,0.0000,0.0000,0.0000,0.0000,0.0000,0.0000,0.0000,0.0049,0.0276,0.0000,0.0000,34.6218,0.0000,0.0000,4.7234,0.0000,0.0000,0.2005,0.0000,16.4415,0.0000,-7.5016,0.0000,0.0000,-2.2776,0.0000,0.0000,-30.4881,0.0000,0.0000,0.0000,0.0000,0.0000,0.0000,0.0000,0.0000,-53.0612,2043.8406,0.0000,0.0000,-49.2268,0.0000,0.0000,158.5024,0.0000,0.0000,1452.9676,0.0000,-16.4383,0.0000,-44.6141,
48.5762,0.0000,0.0000,58.5532,0.1587,0.0000,-91.8047,0.0000,0.0000,0.0000,0.0000,0.0000,0.0000,0.0000,0.0000,0.0000,0.0000,68074.9978,0.0000,0.0000,0.0000,0.0000,67.7845,0.0000,0.0000,7.9887,0.0000,-68066.2545,0.0000,22.8147,0.0000,0.0000,22.8146,22.8103,0.0000,-27.7337,0.0000,0.0000,0.0000,0.0000,0.0000,0.0000,0.0000,0.0000,0.0000,0.0000,-99.9884,0.0000,0.0000,0.0000,0.0000,0.0000,0.0000,0.0000,0.2591,0.0000,-100.0021,0.0000,4.6595,
10.2680,0.0000,0.0000,21.3930,0.4698,0.0000,0.3467,0.0000,0.0000,21.7121,0.0000,0.0000,0.0000,0.2754,2.0638,0.0000,0.0510,7.0986,0.0000,17.3034,0.0000,0.0000,16.1630,0.6617,1.4563,0.0000,0.1174,0.6196,0.0000,6.2476,0.0000,0.0000,7.8839,902.7246,0.0000,2307.9608,0.0000,0.0000,-31.0380,0.0000,0.0000,0.0000,22.1859,38.3128,0.0000,0.0000,-2.8217,0.0000,-25.5979,0.0000,0.0000,-28.1272,33.7011,-81.3843,0.0000,1249.4889,6.2460,0.0000,21.6476,
1.7411,0.0000,0.0000,25.6594,0.0000,0.0000,3.4764,0.0000,0.0000,14.0116,0.0000,0.0000,1.8460,0.1100,0.0911,0.0000,0.9851,0.0000,0.0000,20.7233,0.0000,0.0000,15.1826,2.5991,9.3293,0.0087,4.2360,0.0000,0.0000,-14.0256,0.0000,0.0000,71.5406,0.0000,0.0000,-66.9630,0.0000,0.0000,33.7370,0.0000,0.0000,25.9642,-46.1818,100.9879,0.0000,-95.6248,0.0000,0.0000,-60.5222,0.0000,0.0000,-16.6263,6.4676,-28.3012,377.0115,-61.0080,0.0000,0.0000,56.0566,
40.7134,0.0000,0.0000,13.7916,0.1250,3.1950,18.7278,0.0000,0.0000,0.0000,0.0000,0.0000,0.0000,1.7279,2.1755,0.0000,0.0000,0.0000,0.0000,8.5727,0.0000,0.0000,4.4748,1.1107,0.8009,0.7260,3.8587,0.0000,0.0000,-16.9750,0.0000,0.0000,-16.2780,-32.6400,-16.9765,-15.2335,0.0000,0.0000,0.0000,0.0000,0.0000,0.0000,-9.4334,-4.0450,0.0000,0.0000,0.0000,0.0000,92.9217,0.0000,0.0000,101.3475,-14.6934,-8.9774,-59.7934,22.2743,0.0000,0.0000,-51.8519,
50.3383,0.0000,0.0000,16.4450,0.0000,0.0000,24.2416,0.0000,0.0000,0.0000,0.0000,0.0000,0.0000,0.0215,6.3063,0.0000,0.0000,0.0000,0.0000,0.0000,0.0000,0.0000,2.1159,0.0248,0.0000,0.0066,0.5001,0.0000,0.0000,-23.4954,0.0000,0.0000,89.3639,0.0000,0.0000,-40.4705,0.0000,0.0000,0.0000,0.0000,0.0000,0.0000,-23.7209,39.6144,0.0000,0.0000,0.0000,0.0000,0.0000,0.0000,0.0000,-78.5151,-28.6290,0.0000,-62.1212,167.1266,0.0000,0.0000,-47.2737,
3.2021,0.0000,0.0000,42.5610,8.9230,0.2424,8.8484,0.0000,0.0000,2.5729,0.0000,0.0000,0.0000,0.1969,3.2319,0.0000,0.0000,3.8657,0.0000,4.2931,0.0000,0.0000,18.9351,1.0485,1.3718,0.0619,0.0650,0.5802,0.0000,-1.5146,0.0000,0.0000,0.0038,-41.7685,0.0000,43.9639,0.0000,0.0000,-13.8365,0.0000,0.0000,0.0000,0.0000,0.0000,0.0000,0.0000,0.0000,0.0000,0.0000,0.0000,0.0000,41.9221,0.0000,0.0000,4824.8788,0.0000,625.7497,0.0000,-33.7132,
1.6055,0.0000,0.0000,24.9180,0.0000,0.0000,23.2165,0.0000,0.0000,6.6674,0.0000,0.0000,0.0000,0.0374,4.1222,0.6122,0.8892,0.0000,0.0000,11.4236,0.0000,0.0000,23.6199,0.6845,0.0000,0.1211,2.0825,0.0000,0.0000,-8.0909,0.0000,0.0000,-3.4822,0.0000,0.0000,2.4918,0.0000,0.0000,-63.2870,0.0000,0.0000,0.0000,383.1551,24.0988,177.8504,158.1984,0.0000,0.0000,-9.4103,0.0000,0.0000,-4.1664,174.1417,0.0000,1240.7927,-18.4058,0.0000,0.0000,-33.0289,
1.1389,0.0000,0.0000,2.2243,0.0000,-5.3156,17.4188,0.0000,0.0000,6.8744,0.0000,0.0000,0.0000,1.7547,0.0000,0.0000,0.0000,0.0000,0.0000,31.1210,0.0000,0.0000,44.5048,0.2120,0.0000,0.0667,0.0000,0.0000,0.0000,-15.9276,0.0000,0.0000,90.5274,0.0000,-15.2231,-26.0959,0.0000,0.0000,274.2668,0.0000,0.0000,0.0000,-8.0527,0.0000,0.0000,0.0000,0.0000,0.0000,-84.4147,0.0000,0.0000,24.9634,-22.9245,0.0000,28.6357,0.0000,0.0000,0.0000,-11.1737,
