-16.5188,0.0000,0.0000,-14.0580,0.0000,-14.1809,0.1889,0.0000,0.0000,0.0000,0.0000,0.0000,0.0000,0.0000,-48.2489,0.0000,0.0000,0.0000,0.0000,-50.1146,0.0000,0.0000,12.9624,32.4263,-15.1324,0.0000,0.0000,0.0000,0.0000,-4.1880,
6.2368,0.0000,0.0000,6.2369,0.0000,0.0000,-9.7638,0.0000,0.0000,3.3564,0.0000,0.0000,0.0000,0.0000,0.0000,0.0000,0.0000,0.0000,0.0000,6.3299,0.0000,0.0000,12.5045,-80.1280,28.0114,0.0000,5.7887,380.6269,0.0000,0.0000,
4.0538,0.0000,0.0000,4.0542,0.0000,5.2306,3.7967,0.0000,0.0000,-79.1406,0.0000,0.0000,0.0000,10.4443,5.8908,0.0000,52.1739,8142.8571,0.0000,3.9510,0.0000,0.0000,-2.9816,15.0000,0.0000,-76.8382,0.0000,-11.7061,0.0000,-22.8804,
-1.7711,0.0000,0.0000,-1.7709,0.0000,0.0000,1.8510,0.0000,0.0000,4.0350,0.0000,0.0000,0.0000,0.0000,0.0000,0.0000,4.3698,0.0000,0.0000,0.0000,0.0000,0.0000,-53.6480,0.0000,0.0000,0.0000,-10.6808,0.0000,0.0000,141.8838,
-22.3439,0.0000,-8.7759,63.0866,0.0000,-22.3440,104.5974,0.0000,0.0000,0.0000,0.0000,0.0000,0.0000,0.0000,890.6604,0.0000,0.0000,0.0000,0.0000,4.8667,0.0000,0.0000,-23.5491,521.4029,0.0000,-35.8581,0.0000,0.0000,0.0000,-8.8514,
-1.6542,0.0000,0.0000,-9.7993,0.0000,0.0000,-104.0928,0.0000,0.0000,0.0000,0.0000,0.0000,0.0000,82.0961,-9.3724,0.0000,0.0000,0.0000,0.0000,0.0000,0.0000,0.0000,65.5853,0.0000,0.0000,0.0000,-24.4134,0.0000,0.0000,-50.2382,
0.0000,0.0000,0.0000,0.0000,0.0000,41.4432,27.3714,0.0000,0.0000,0.0000,0.0000,0.0000,0.0000,0.0000,0.0000,0.0000,0.0000,0.0000,0.0000,0.0000,0.0000,0.0000,0.0000,0.0000,0.0000,361.6978,58.6244,25.7736,0.0000,-15.7658,
-11.6974,0.0000,11.6906,-10.8196,0.0000,-81.8636,111.4278,0.0000,0.0000,-4.7648,0.0000,0.0000,0.0000,44.3645,0.0000,-9.2548,0.0000,-17.1498,64.7812,-26.8140,0.0000,0.0000,5.3353,0.0000,0.0000,3.1053,0.0000,-39.8571,0.0000,-2.6791,
-1.3528,0.0000,0.0000,-12.1367,0.0000,0.0000,-387.9046,0.0000,0.0000,-88.3669,0.0000,0.0000,0.0000,-1.3575,-13.6929,0.0000,0.0000,0.0000,0.0000,-4.7406,0.0000,0.0000,26.1605,0.0000,0.0000,-23.2472,15.4253,0.0000,0.0000,-68.3398,
-12.9760,0.0000,0.0000,-12.0508,0.0000,0.0000,-7.0168,0.0000,0.0000,-21.2353,0.0000,0.0000,0.0000,0.0000,0.0000,0.0000,0.0000,0.0000,0.0000,0.0000,0.0000,0.0000,111.4413,0.0000,0.0000,0.0000,0.0000,0.0000,0.0000,11.1112,
-0.0744,0.0000,0.0000,0.0000,-2.8223,17.1796,-27.5830,0.0000,0.0000,0.0000,0.0000,0.0000,38.8503,0.3822,0.0000,0.0000,0.0000,0.0000,0.0000,0.8975,0.0000,0.0000,9.5282,-3.8526,-58.8180,8.2857,-54.8660,0.0000,0.0000,0.8458,
-11.1747,0.0000,0.0000,-4.5757,0.0000,0.8994,-8.5312,0.0000,0.0000,0.0000,0.0000,0.0000,0.0000,1.8674,-22.3737,0.0000,0.0000,-76.2931,0.0000,0.0000,0.0000,0.0000,43.5587,-39.2313,-52.8733,-50.5017,20.0729,19.1851,0.0000,-34.2732,
53.7744,0.0000,0.0000,38.1558,488.8889,-9.2729,-1742.8123,0.0000,0.0000,68.1265,0.0000,0.0000,0.0000,0.0000,0.0000,8.8829,0.0000,26.1703,0.0000,-99.8572,0.0000,0.0000,41.9565,0.0000,0.0000,0.0000,-14.3804,-3.2657,0.0000,56.3174,
-16.2964,0.0000,-148.2571,-15.6783,0.0000,0.0000,-11.5081,0.0000,0.0000,0.0000,0.0000,0.0000,0.0000,0.0000,7.3976,81.3984,-59.4386,0.0000,0.0000,35.5120,0.0000,0.0000,41.9579,0.0000,21.0291,-41.2535,0.0000,0.0000,0.0000,-40.3917,
-12.4118,0.0000,-5.4896,-12.4094,0.0000,-12.4078,-21.6270,0.0000,0.0000,110.7860,0.0000,0.0000,0.0000,0.0000,275.8192,0.0000,-23.2208,0.0000,0.0000,29.6141,0.0000,0.0000,-50.5049,0.0000,-14.9479,9.1106,-61.2891,0.0000,0.0000,-43.9059,
-25.6653,0.0000,0.0000,-25.6639,0.0000,0.0000,-23.4284,0.0000,0.0000,-54.9835,0.0000,0.0000,0.0000,0.0000,-17.0604,0.0000,0.0000,0.0000,-32.4304,32.7908,0.0000,0.0000,5.8260,0.0000,-48.8750,0.0000,62.0301,0.0000,0.0000,-86.4865,
-5.0785,0.0000,0.0000,-5.0784,0.0000,0.0000,-3.6830,0.0000,0.0000,0.0000,0.0000,0.0000,0.0000,0.0000,0.0000,23.8235,0.0000,-35.0365,0.0000,0.0000,0.0000,0.0000,181.7452,0.0000,0.0000,38.2289,40.6478,12.1003,0.0000,4.9213,
-10.3508,0.0000,0.0000,-8.5351,0.0000,-17.2307,795.6566,0.0000,0.0000,-20.5183,0.0000,0.0000,0.0000,0.0000,0.0000,0.0000,0.0000,0.0000,0.0000,-70.8238,0.0000,0.0000,-2.4872,0.0000,854.5681,0.0000,35.3823,2.1283,0.0000,-24.6759,
8.5896,0.0000,0.0000,8.5895,-48.1500,8.5888,2.0903,0.0000,0.0000,0.0000,0.0000,0.0000,0.0000,0.0000,-84.2593,0.0000,0.0000,0.0000,0.0000,23.4473,0.0000,0.0000,8.1761,0.0000,0.0000,0.0000,-9.3637,0.0000,0.0000,5.5556,
-1.1083,0.0000,0.0000,0.0000,0.0000,-1.1087,-2.5471,0.0000,0.0000,0.0000,0.0000,0.0000,0.0000,0.0000,0.0000,0.0000,498.1042,0.0000,0.0000,0.0000,0.0000,0.0000,300.8889,0.0000,0.0000,0.0000,0.0000,0.0000,0.0000,-27.9968,
-3.0764,0.0000,0.0000,-3.0760,0.0000,3.3643,-12.6169,0.0000,0.0000,-10.3219,0.0000,0.0000,-30.2973,0.0000,39.5459,0.0000,0.0000,0.0000,0.0000,44.0388,0.0000,0.0000,53.0875,0.0000,0.0000,0.0000,0.0000,0.0000,0.0000,-8.9686,
0.1961,0.0000,0.0000,-18.9161,0.0000,0.1961,-123.0054,0.0000,0.0000,-81.7842,0.0000,0.0000,0.0000,0.0000,-21.2561,-12.3037,42.7277,0.0000,0.0000,0.0000,0.0000,0.0000,17.2436,0.0000,0.0000,-12.1270,0.0000,0.0000,0.0000,-41.6667,
7.1344,0.0000,0.0000,7.1344,0.0000,0.0000,-41.2690,0.0000,0.0000,-27.8278,0.0000,0.0000,0.0000,0.0000,34.2292,2.6648,0.0000,0.0000,0.0000,-92.0543,0.0000,0.0000,21.5539,0.0000,0.0000,215.6487,85.8327,-40.4762,0.0000,-58.5031,
232.2461,0.0000,0.0000,98.1032,0.0000,232.2561,-427.6723,0.0000,0.0000,88.6265,0.0000,0.0000,0.0000,42.7419,-24.3051,0.0000,0.0000,0.0000,0.0000,0.0000,0.0000,0.0000,7.3372,382.9225,0.0000,306.3475,0.0000,297.6612,0.0000,16.0326,
-30.7384,0.0000,0.0000,-30.7393,0.0000,-30.7484,154.8571,0.0000,0.0000,7628.0938,0.0000,0.0000,0.0000,-24.6964,0.0000,-30.7149,0.0000,0.0000,0.0000,-20.6608,0.0000,0.0000,-2.9634,-34.4686,0.0000,0.0000,0.0000,-76.0000,0.0000,-3.4916,
9.1209,0.0000,0.0000,9.1776,9.0560,232.7274,-138.5054,0.0000,0.0000,0.0000,0.0000,0.0000,0.0000,-2.2953,5.0487,9.1208,0.0000,9.1186,0.0000,0.0000,0.0000,0.0000,-20.3566,-18.2375,0.0000,1086.2500,-96.7532,0.0000,0.0000,-38.7317,
-26.3444,0.0000,0.0000,0.0000,0.0000,13.0526,-51.6776,0.0000,0.0000,261.7677,0.0000,0.0000,0.0000,0.0000,82.7122,0.0000,0.0000,0.0000,0.0000,3064.7482,0.0000,0.0000,-27.3320,-30.0862,0.0000,0.0000,0.0000,-3.2518,0.0000,1.1326,
-3.1107,0.0000,0.0000,6.8902,0.0000,0.0000,-13.8277,0.0000,0.0000,0.0000,0.0000,0.0000,0.0000,0.0000,-4.2945,0.0000,0.0000,0.0000,0.0000,-66.8150,0.0000,0.0000,-12.8477,-4.8536,0.0000,0.0000,0.0000,0.0000,0.0000,-42.5136,
-14.6668,0.0000,14.6666,-14.6665,-5.4840,-14.6477,-667.6892,0.0000,0.0000,11.5468,0.0000,0.0000,0.0000,3.7778,54.8526,0.0000,0.0000,0.0000,0.0000,-56.4697,0.0000,0.0000,106.6262,-99.7538,0.0000,0.0000,0.0000,0.0000,0.0000,-6.4516,
2.9655,0.0000,0.0000,-16.4649,0.0000,10.1203,87.3114,0.0000,0.0000,3518.8758,0.0000,0.0000,0.0000,-4.5886,0.0000,0.0000,-13.6352,-2.6643,0.0000,-51.7423,0.0000,0.0000,-60.6036,0.0000,0.0000,0.0000,0.0000,-32.7306,0.0000,98.4976,
-9.1849,0.0000,0.0000,0.0000,0.0000,-1.5432,-3.0672,0.0000,0.0000,0.0000,0.0000,0.0000,-4.4877,-4.0608,20.2011,-13.8158,0.0000,-19.1013,0.0000,1835.4123,0.0000,0.0000,-20.0115,-11.8496,0.0000,28.0075,0.0000,0.0000,0.0000,-23.3228,
-9.3503,0.0000,59.7520,-7.0123,-36.4596,0.0000,-18.6055,0.0000,0.0000,-68.5900,0.0000,0.0000,0.0000,-10.0333,1293.6893,-13.0501,1235.7576,0.0000,-57.7778,26.5104,0.0000,0.0000,12.0611,28.9247,0.0000,-18.0871,0.0000,36.2534,0.0000,25.0182,
26.1344,0.0000,0.0000,26.1078,30.2671,0.0000,31.9423,0.0000,0.0000,85.0965,0.0000,0.0000,0.0000,6.9182,42.4622,0.0000,0.0000,0.0000,0.0000,-22.8221,0.0000,0.0000,-17.8574,233.3333,0.0000,14.7198,0.0000,0.0000,0.0000,-58.3795,
-7.8597,0.0000,0.0000,0.7264,0.0000,0.0000,-6.8640,0.0000,0.0000,-25.2549,0.0000,0.0000,0.0000,14.2857,8.5861,0.0000,0.0000,-28.0017,0.0000,-41.3919,0.0000,0.0000,77.5102,0.0000,-34.0812,9.3427,-0.2091,5.4214,0.0000,0.3919,
8.6674,0.0000,0.0000,-73.0066,-12.0788,0.0000,-899.2436,0.0000,0.0000,-41.5594,0.0000,0.0000,0.0000,22.1550,0.0000,4.6044,0.0000,0.0000,0.0000,0.0000,0.0000,0.0000,0.0000,12.8631,0.0000,-1.2121,-48.7734,-91.9701,0.0000,7.1971,
237.8691,0.0000,0.0000,0.0000,95.8228,237.6723,-16113.4466,0.0000,0.0000,0.0000,0.0000,0.0000,0.0000,0.0000,267.5694,0.0000,0.0000,0.0000,0.0000,0.0000,0.0000,0.0000,192.8896,1.7907,0.0000,16.8421,4003.3143,0.0000,0.0000,-64.2857,
10.1409,0.0000,0.0000,7.6375,0.0000,0.0000,-54.7589,0.0000,0.0000,-7.1209,0.0000,0.0000,0.0000,-26.4706,22.5573,0.0000,0.0000,1505.2581,0.0000,0.0000,0.0000,0.0000,-2.7820,-78.6667,0.0000,-68.8778,0.0000,131.8355,0.0000,-58.3726,
0.7031,0.0000,0.0000,0.7086,0.0000,0.0000,1.2284,0.0000,0.0000,-36.5866,0.0000,0.0000,0.0000,0.0000,-64.2095,0.0000,0.0000,0.0000,0.0000,-95.5621,0.0000,0.0000,26.6816,0.0000,0.0000,90.6671,0.0000,0.0000,0.0000,-9.4274,
27.7173,0.0000,0.0000,0.0000,0.0000,13.9018,-85.9919,0.0000,0.0000,-39.5155,0.0000,0.0000,0.0000,0.0000,18.1829,0.0000,0.0000,130.1957,0.0000,24.6886,0.0000,0.0000,35.3479,0.0000,0.0000,16.9171,0.0000,154.7345,0.0000,-53.5613,
-11.7759,0.0000,0.0000,-11.7674,0.0000,0.0000,-0.1482,0.0000,0.0000,58.4185,0.0000,0.0000,0.0000,0.0000,0.0000,0.0000,0.0000,-18.5570,0.0000,-27.6679,0.0000,0.0000,17.8317,0.0000,0.0000,-14.6501,0.0000,-11.7668,0.0000,14.4940,
-1.8901,0.0000,1.8938,0.0000,0.0000,0.0000,-5.3339,0.0000,0.0000,-1.0152,0.0000,0.0000,0.0000,0.0000,0.0000,1.3948,87.3480,0.0000,0.0000,92.8602,0.0000,0.0000,-0.2439,0.0000,0.0000,0.0000,0.0000,-23.9867,0.0000,14.5570,
3.9997,0.0000,0.0000,-3.5750,0.0000,3.9990,-383.1195,0.0000,0.0000,5.5508,0.0000,0.0000,0.0000,-28.2528,0.0000,0.0000,0.0000,0.0000,0.0000,-1.8092,0.0000,0.0000,-39.3357,-9.0909,-95.8333,0.0000,0.0000,0.0000,0.0000,37.2303,
-18.3755,0.0000,0.0000,13.8588,0.0000,0.0000,74.2377,0.0000,0.0000,-75.2830,0.0000,0.0000,0.0000,-23.2719,1756.8493,0.0000,0.0000,0.0000,0.0000,-79.3516,0.0000,0.0000,16.5712,0.0000,0.0000,-5.0973,-25.5105,0.0000,0.0000,-17.8170,
26.6008,0.0000,0.0000,0.0000,0.0000,26.6005,29.0845,0.0000,0.0000,0.0000,0.0000,0.0000,0.0000,30.7692,0.0000,0.0000,26.5944,0.0000,0.0000,-67.9446,0.0000,0.0000,11.8786,50.0000,0.0000,0.0000,0.0000,0.0000,0.0000,9.8403,
-7.1072,0.0000,-13.9111,-6.0497,0.0000,-7.1070,38.3526,0.0000,0.0000,0.0000,0.0000,0.0000,0.0000,0.0000,0.0000,0.0000,0.0000,0.0000,0.0000,0.0000,0.0000,0.0000,5.6338,0.0000,0.0000,14.2857,-2.7778,0.0000,0.0000,-1.6994,
5.0454,0.0000,0.0000,11.8267,3.4492,5.1282,15.0644,0.0000,0.0000,5.1964,0.0000,0.0000,0.0000,0.0000,3.5643,0.0000,0.0000,0.0000,0.0000,0.0000,0.0000,0.0000,-17.1683,0.0000,0.0000,4.9827,-53.5437,-12.3000,0.0000,20.1662,
13.3135,0.0000,0.0000,25.6442,0.0000,0.0000,-552.7163,0.0000,0.0000,0.0000,0.0000,0.0000,0.0000,59.6721,-9.4995,0.0000,0.0000,-3.3973,0.0000,0.0000,0.0000,0.0000,0.0000,-18.8375,0.0000,1603.8732,619.8416,0.0000,0.0000,-63.2091,
-2.6245,0.0000,0.0000,-1.8815,-5.9025,14.2551,20.4103,0.0000,0.0000,-23.2460,0.0000,0.0000,0.0000,12.2350,-41.9771,-38.2022,0.0000,0.0000,0.0000,-44.8162,0.0000,0.0000,0.6337,1.3400,0.0000,-68.9013,1.3531,0.0000,0.0000,-15.0768,
5.4122,0.0000,0.0000,3.6038,0.0000,0.0000,7.0607,0.0000,0.0000,-21.6151,0.0000,0.0000,0.0000,4.9383,9.1625,0.0000,0.0000,0.0000,0.0000,11.9676,0.0000,0.0000,-30.9588,0.0000,0.0000,144.2207,23.6209,0.0000,0.0000,-53.8451,
1.1644,0.0000,0.0000,1.1645,0.0000,1.1656,-150.5019,0.0000,0.0000,-87.4988,0.0000,0.0000,0.0000,0.0000,650.5682,0.0000,0.0000,0.0000,0.0000,6.4798,0.0000,0.0000,-33.5823,0.0000,-55.0936,550.3319,110.8274,0.0000,0.0000,-30.4838,
5.5537,0.0000,-638.3412,-11.7746,5.5249,5.5564,-51.0680,0.0000,0.0000,0.0000,0.0000,0.0000,0.0000,0.1606,526.2004,0.0000,0.0000,0.0000,0.0000,0.0000,0.0000,0.0000,-66.4543,1.2271,0.0000,271.9544,-92.0065,0.0000,0.0000,-25.2734,
83.7843,0.0000,0.0000,12.7584,-12.7576,12.7584,-48.1993,0.0000,0.0000,0.0000,0.0000,0.0000,0.0000,0.0000,0.0000,0.0000,0.0000,6.7076,0.0000,17.3414,0.0000,0.0000,0.0000,0.0000,0.0000,-11.9760,70.9177,0.0000,0.0000,-79.1592,
28.9213,0.0000,0.0000,-6.4904,0.0000,28.9178,80.2641,0.0000,0.0000,25.6801,0.0000,0.0000,0.0000,0.0000,-97.2500,0.0000,0.0000,0.0000,0.0000,0.0000,0.0000,0.0000,-94.3180,37.6218,-17.3536,6.5000,-78.8878,0.0000,0.0000,-82.4858,
18.0249,0.0000,-18.0237,0.0000,16.6269,24.8862,-215.7969,0.0000,0.0000,0.0000,0.0000,0.0000,0.0000,0.0000,20.6791,5.9028,0.0000,13.2373,0.0000,-38.1503,0.0000,0.0000,111.9840,0.0000,0.0000,-14.0782,-26.8029,0.0000,0.0000,-28.6485,
-0.7288,0.0000,0.0000,-0.7279,0.0000,1347.8632,7.6395,0.0000,0.0000,-27.2532,0.0000,0.0000,0.0000,0.0000,0.0000,0.0000,0.0000,0.0000,0.0000,88.2691,0.0000,0.0000,194.8658,7612.5000,0.0000,-97.1161,0.0000,0.0000,0.0000,13.1981,
5.9409,0.0000,0.0000,9.2971,0.0000,0.0000,59.0856,0.0000,0.0000,4.1302,0.0000,0.0000,0.0000,0.0000,0.0000,0.0000,-90.7430,0.0000,0.0000,-17.8401,0.0000,0.0000,-22.9823,0.0000,-54.7348,7.7944,6.8433,0.0000,0.0000,5.0744,
0.7562,0.0000,0.0000,0.7569,0.7575,36.9867,-16.7885,0.0000,0.0000,0.0000,0.0000,0.0000,0.0000,0.0000,0.7573,0.7554,0.0000,0.0000,0.0000,0.0000,0.0000,0.0000,46.9774,0.0000,0.0000,13.0774,-37.0079,0.0000,0.0000,49.7222,
112.8155,0.0000,-112.8205,112.8156,0.0000,112.8150,-1300.7559,0.0000,0.0000,124.5857,0.0000,0.0000,0.0000,0.0000,0.0000,0.0000,0.0000,0.0000,0.0000,0.0000,0.0000,0.0000,0.0000,0.0000,0.0000,0.0000,0.0000,0.0000,0.0000,-76.0000,
-10.4247,0.0000,0.0000,-2.6050,76.7428,0.0000,-258.0532,0.0000,0.0000,0.0000,0.0000,0.0000,0.0000,5.9910,-79.9810,0.0000,9.7513,0.0000,0.0000,-52.4419,0.0000,0.0000,7.9960,0.0000,342.7044,613.4454,0.0000,9.2361,0.0000,-32.9102,
-3.9569,0.0000,0.0000,-3.9584,-60.8353,0.0000,69.8437,0.0000,0.0000,0.0000,0.0000,0.0000,0.0000,0.0000,12.6985,-3.7838,0.0000,0.0000,0.0000,0.0000,0.0000,0.0000,0.0000,0.0000,0.0000,0.0000,-45.8408,-72.7837,0.0000,24.3618,
-27.0083,0.0000,-60.1261,-38.1645,0.0000,1697.0551,77.1427,0.0000,0.0000,36.0642,0.0000,0.0000,0.0000,0.0000,0.0000,-10.2064,0.0000,0.0000,0.0000,85.3331,0.0000,0.0000,0.0000,0.0000,0.0000,39.9688,0.0000,3.9516,0.0000,171.2209,
0.1742,0.0000,-0.1773,0.1765,0.1674,0.5276,-10.2608,0.0000,0.0000,0.0000,0.0000,0.0000,0.0000,0.0000,-20.7463,-28.0000,0.0000,0.0000,0.0000,0.0000,0.0000,0.0000,33.2150,0.0000,-72.4778,99.7433,0.0000,800.0000,0.0000,-34.1550,
-10.5141,0.0000,0.0000,-10.5141,0.0000,16.4862,-0.5080,0.0000,0.0000,0.0000,0.0000,-98.7241,0.0000,-37.1410,0.0000,-30.2041,0.0000,0.0000,0.0000,0.0000,0.0000,-72.3549,-18.9450,28.6902,0.0000,-0.2860,-90.3509,0.0000,0.0000,11.7647,
-9.8126,0.0000,0.0000,-25.1663,0.0000,0.0000,-223.6701,0.0000,0.0000,-34.7947,0.0000,0.0000,0.0000,0.2795,176.5147,0.0000,0.0000,726.7327,0.0000,0.0000,0.0000,0.0000,0.0000,13.5962,0.0000,-40.3800,-89.8238,-49.4303,0.0000,60.5415,
-18.4395,0.0000,0.0000,-0.8139,0.0000,0.0000,-17.6563,0.0000,0.0000,43.3517,0.0000,0.0000,0.0000,0.0000,0.0000,-28.4091,0.0000,-18.1763,0.0000,-72.7036,0.0000,0.0000,-12.0503,0.0000,0.0000,-25.0000,-20.7382,11.9904,0.0000,44.5700,
14.5207,0.0000,0.0000,17.3350,0.0000,0.0000,71.9542,0.0000,0.0000,-99.3996,0.0000,0.0000,0.0000,56.9072,50.7237,0.0000,0.0000,0.0000,0.0000,1701.7772,0.0000,0.0000,-25.8659,-12.5390,92.7738,-3.4366,-79.8920,84.4046,0.0000,-24.9948,
4.9492,0.0000,-4.9473,4.9493,4.9463,4.9429,46.5898,0.0000,0.0000,-31.8173,0.0000,0.0000,0.0000,-7.0553,8.5235,0.0000,0.0000,0.0000,0.0000,11.2136,0.0000,0.0000,-16.3702,995.7576,0.0000,210.8235,0.0000,0.0000,0.0000,-14.7883,
-0.1148,0.0000,0.0000,1.0071,0.0000,0.0000,-60.1450,0.0000,0.0000,0.0000,0.0000,0.0000,0.0000,0.0000,-89.1892,9.0442,0.0000,0.0000,0.0000,0.0000,0.0000,0.0000,0.0000,0.0000,0.0000,30.8037,0.0000,2.5736,0.0000,-32.2325,
-33.2219,0.0000,0.0000,-22.0699,33.4387,0.0000,-59.5582,0.0000,0.0000,-67.3849,0.0000,0.0000,0.0000,28.4595,0.0000,0.0000,0.0000,0.0000,0.0000,11.6188,0.0000,0.0000,14.6687,68.8073,0.0000,0.0000,835.0657,-15.9865,0.0000,-20.1884,
-0.6965,0.0000,0.0000,-0.4232,0.0000,0.0000,-31.2223,0.0000,0.0000,0.0000,0.0000,0.0000,0.0000,0.0000,-51.7336,0.0000,0.0000,0.0000,0.0000,0.0000,0.0000,0.0000,-8.0813,-36.4126,-40.2280,-46.8178,-14.7426,0.0000,0.0000,-9.4381,
22.5995,0.0000,0.0000,34.6158,-8.0357,22.6008,-701.6932,0.0000,0.0000,-10.2075,0.0000,0.0000,0.0000,61.4761,-70.0807,94.4954,16.7411,0.0000,0.0000,59.3468,0.0000,0.0000,3.9791,37.5518,0.0000,146.6770,-12.3653,61.5630,0.0000,-39.9791,
-29.0403,0.0000,0.0000,-62.9326,0.0000,0.0000,88.5604,0.0000,0.0000,-79.7896,0.0000,0.0000,0.0000,135.4101,-7.3772,0.8522,0.0000,0.0000,0.0000,-65.0455,0.0000,0.0000,42.9384,27.7294,312.9357,-81.7238,-38.8707,-40.5156,0.0000,-36.0375,
-20.3057,0.0000,20.3128,-14.6293,0.0000,-20.3046,46.9449,0.0000,0.0000,0.0000,0.0000,0.0000,0.0000,-52.3810,32.3936,0.0000,0.0000,-23.3813,0.0000,0.0000,0.0000,0.0000,-9.9035,0.0000,0.0000,19.6517,-88.8889,0.0000,0.0000,-28.7296,
-2.4945,0.0000,0.0000,9.4629,-2.5292,0.0000,-29.1459,0.0000,0.0000,-26.0416,0.0000,0.0000,0.0000,3.9518,0.0000,0.0000,0.0000,49.8968,0.0000,0.0000,0.0000,0.0000,1.6985,-38.8464,0.0000,-61.3782,21.7765,243.4880,0.0000,-11.8785,
-21.1775,0.0000,0.0000,0.0000,0.0000,-26.1847,17.4847,0.0000,0.0000,-47.7732,0.0000,0.0000,0.0000,-82.5301,-39.5107,0.0000,0.0000,360.7521,0.0000,656.1642,0.0000,0.0000,-35.7476,-16.2846,-66.6443,0.0000,0.0000,486.5803,0.0000,-47.3511,
1.5000,0.0000,-1285.3659,1.4980,0.0000,-7.5552,14.1864,0.0000,0.0000,-10.8281,0.0000,0.0000,0.0000,84.2723,0.0000,0.0000,13.6428,0.0000,0.0000,-53.3520,0.0000,0.0000,62.8695,140.2834,0.0000,0.0000,0.0000,0.0000,0.0000,-13.5254,
26.5149,0.0000,-26.5154,26.4340,0.0000,26.5159,-1954.1075,0.0000,0.0000,-60.5866,0.0000,0.0000,1.6481,52.3173,56.4755,0.0000,0.0000,0.0000,0.0000,2.4840,0.0000,0.0000,16.8633,30.8000,0.0000,3590.4255,75.2214,0.0000,0.0000,-42.0422,
-34.3278,0.0000,0.0000,-72.6819,-106.2251,-77.9958,-153.2551,0.0000,0.0000,0.0000,0.0000,0.0000,0.0000,0.0000,1113.1478,-74.8837,0.0000,0.0000,0.0000,0.0000,0.0000,0.0000,18.6418,0.0000,0.0000,0.0000,-92.2244,0.0000,0.0000,-35.9237,
-12.4677,0.0000,0.0000,-12.0821,0.0000,-6.5421,26.1455,0.0000,0.0000,65.8885,0.0000,0.0000,0.0000,7.1866,-21.0440,0.0000,0.0000,-31.7597,0.0000,-71.4931,0.0000,0.0000,11.3716,0.0000,2127.1930,9.0806,0.0000,0.0000,0.0000,33.7657,
72.5664,0.0000,-73.0159,72.5665,0.0000,1.8623,-400.5947,0.0000,0.0000,0.0000,0.0000,0.0000,0.0000,0.0000,0.0000,-58.4000,0.0000,0.0000,0.0000,12.2120,0.0000,0.0000,19.5750,0.0000,0.0000,0.0000,137.6917,0.0000,0.0000,-11.0104,
33.0468,0.0000,4.2525,-4.2607,0.0000,-2.7469,83.9669,0.0000,0.0000,-28.2256,0.0000,0.0000,0.0000,0.0000,0.0000,2.6144,0.0000,0.0000,0.0000,39.1420,0.0000,0.0000,0.0000,0.0000,6.6365,0.0000,-14.1400,0.0000,0.0000,57.5130,
-10.0289,0.0000,0.0000,0.0000,0.0000,-100.3754,9.0357,0.0000,0.0000,-9.8584,0.0000,0.0000,0.0000,-7.1684,0.0000,0.0000,0.0000,0.0000,0.0000,0.0000,0.0000,0.0000,-14.6922,-25.3442,0.0000,0.0000,-18.8945,0.0000,0.0000,10.1203,
-4.3643,0.0000,-79.4951,10.2889,-4.3633,0.0000,26.3070,0.0000,0.0000,37.1058,0.0000,0.0000,0.0000,0.0000,-3.4732,3.4749,4.0453,0.0000,0.0000,-8.8675,0.0000,0.0000,0.0000,0.0000,0.0000,0.0000,0.0000,0.0000,0.0000,32.9285,
28.4999,0.0000,0.0000,0.0000,0.0000,-5.8583,24.4408,0.0000,0.0000,0.0000,0.0000,0.0000,0.0000,0.0000,-93.2563,327.0848,0.0000,-38.1885,0.0000,-86.6275,0.0000,0.0000,39.5824,0.0000,0.0000,-12.5784,0.0000,-82.1544,0.0000,-74.3455,
22.0758,0.0000,0.0000,22.0781,61.6976,0.0000,-16.8565,0.0000,0.0000,-50.2774,0.0000,0.0000,0.0000,0.0000,120.7517,0.0000,157.8323,0.0000,0.0000,0.0000,0.0000,0.0000,25.7093,0.0000,0.0000,31.0345,-89.8072,-15.8163,0.0000,-20.4163,
-17.7639,0.0000,0.0000,4.4234,-431.2591,0.0000,6.0193,0.0000,0.0000,-17.9462,0.0000,0.0000,0.0000,-18.2464,0.0000,0.0000,0.0000,-23.8876,-65.1499,106.0868,0.0000,0.0000,-20.4782,0.0000,0.0000,0.0000,0.0000,0.0000,0.0000,-23.1840,
-6.4642,0.0000,0.0000,-7.3506,0.0000,-59.4170,-31.9399,0.0000,0.0000,0.0000,0.0000,0.0000,-21.4360,0.0000,0.0000,0.0000,-92.8000,0.0000,0.0000,1244.6512,0.0000,0.0000,1026.3959,0.0000,242.7007,66.1692,0.0000,-44.8387,0.0000,-42.4779,
1.4918,0.0000,-12.8440,1.4921,0.0000,0.0000,19.8786,0.0000,0.0000,-10.9289,0.0000,0.0000,0.0000,-25.0784,-59.7800,0.0000,0.0000,-3.2333,0.0000,17.4253,0.0000,0.0000,4.8625,8.6957,0.0000,0.0000,0.0000,779.0114,0.0000,33.9511,
16.3335,0.0000,0.0000,0.0000,0.0000,-614.8243,-55.0422,0.0000,0.0000,0.0000,0.0000,0.0000,11.9892,5.4858,16.6186,16.3456,0.0000,0.0000,86.5517,-38.9916,0.0000,0.0000,17.7478,144.8916,0.0000,4.5685,0.0000,0.0000,0.0000,-5.9126,
4.1291,0.0000,0.0000,6.7911,-0.3057,4.1270,-3.2328,0.0000,0.0000,-17.0656,0.0000,0.0000,0.0000,-7.9710,39.5881,4.3062,0.0000,-14.4730,0.0000,-29.6769,0.0000,0.0000,2.7721,20.4612,0.0000,0.0000,0.0000,10.0379,0.0000,-10.8330,
-7.4931,0.0000,90.8944,-8.8659,5.5055,-9.7040,77.8931,0.0000,0.0000,0.0000,0.0000,0.0000,0.0000,0.0000,72.7273,0.0000,0.0000,-32.3500,0.0000,0.0000,0.0000,0.0000,-35.7572,217.9775,0.0000,-15.6600,35.6816,-22.0127,0.0000,-18.0000,
31.8638,0.0000,0.0000,32.0000,43.9490,0.0000,-47.4466,0.0000,0.0000,-99.7842,0.0000,0.0000,0.0000,0.0000,374.0566,0.0000,0.0000,0.0000,0.0000,-94.4007,0.0000,0.0000,0.0000,0.0000,0.0000,-87.8823,0.0000,59.8749,0.0000,-33.3010,
2.8801,0.0000,0.0000,2.8805,0.0000,45.2969,-53.3502,0.0000,0.0000,1169.2861,0.0000,0.0000,0.0000,-9.9751,0.0000,0.0000,13.3817,-5.2755,0.0000,-25.0149,0.0000,0.0000,-19.9371,-42.0619,-28.8427,57.6190,-7.0126,-4.0476,0.0000,-3.7530,
90.3279,0.0000,0.0000,39.6292,0.0000,-63.4843,-36.4892,0.0000,0.0000,0.0000,0.0000,0.0000,0.0000,0.0000,74.0042,0.0000,0.0000,0.0000,0.0000,-74.6540,0.0000,0.0000,0.0000,0.0000,102.8369,-42.1751,-41.1624,-22.9560,0.0000,-31.5285,
-10.2678,0.0000,2.5190,-10.2689,-287.0553,-10.2678,-5.7817,0.0000,0.0000,286.7973,0.0000,0.0000,0.0000,-24.5338,2.8949,0.0000,-28.5714,0.0000,53.8237,22.4986,0.0000,0.0000,-20.8703,-2.0356,0.0000,273.4035,-36.2500,0.0000,0.0000,-26.9006,
4.5766,0.0000,0.0000,0.0000,0.0000,-4.8621,44.5668,0.0000,0.0000,61.2781,0.0000,0.0000,-16.0878,0.0000,-9.4866,3.9377,0.0000,-6.6140,0.0000,-11.2640,0.0000,0.0000,-18.3401,0.0000,0.0000,23.4490,0.0000,2.2957,0.0000,45.6708,
1.2875,0.0000,0.0000,0.0000,0.0000,1.2869,10.0382,0.0000,0.0000,1807.0002,0.0000,0.0000,-63.4281,25.0000,-43.4680,0.0000,0.0000,0.0000,0.0000,-72.7153,0.0000,0.0000,-41.8778,0.0000,-99.1891,-6.5915,0.0000,0.0000,0.0000,-35.4555,
-12.3635,0.0000,0.0000,-14.4877,0.0000,0.0000,59.4108,0.0000,0.0000,-71.1035,0.0000,0.0000,0.0000,0.0000,185.7842,-8.4682,0.0000,0.0000,18093.8776,-98.0377,0.0000,0.0000,87.7816,0.0000,0.0000,-39.2833,0.0000,0.0000,0.0000,5.7473,
-3.4923,0.0000,0.0000,79.2276,0.0000,0.0000,-99.5770,0.0000,0.0000,7.5724,0.0000,0.0000,0.0000,0.0000,1.4832,0.0000,0.0000,0.0000,0.0000,0.0000,0.0000,0.0000,0.0000,0.0000,0.0000,75.2294,56.2305,0.0000,0.0000,-8.7583,
140.0828,0.0000,0.0000,185.5937,-57.1429,0.0000,57.1712,0.0000,0.0000,0.0000,0.0000,0.0000,0.0000,0.0000,115.8458,0.0000,0.0000,0.0000,0.0000,4.8281,0.0000,0.0000,-26.3108,0.0000,61.1041,205.4999,-19.8794,0.0000,0.0000,-48.8257,
15.6567,0.0000,0.0000,39.7333,0.0000,0.0000,-24.7946,0.0000,0.0000,-59.4909,0.0000,0.0000,0.0000,0.0000,11.5288,18.4336,11.6972,0.0000,0.0000,57.6565,0.0000,0.0000,0.0000,0.0000,-12.5843,-82.2507,0.0000,-57.2702,0.0000,-30.6021,
-0.0616,0.0000,0.0000,22.9960,0.0000,0.0000,-79.8545,0.0000,0.0000,-80.6680,0.0000,0.0000,0.0000,0.0000,184.1410,0.0000,0.0000,0.0000,0.0000,17.7152,0.0000,0.0000,-50.3279,-5.9016,-42.8211,17.9487,581.5461,181.5648,0.0000,93.7630,
-0.8408,0.0000,0.0000,-0.8408,0.0000,0.0000,-5.8400,0.0000,0.0000,0.0000,0.0000,0.0000,-3.2343,-1.6674,0.0000,-3.5324,0.0000,0.0000,0.0000,0.0000,0.0000,0.0000,28.8236,4.5256,0.0000,-16.7905,0.0000,0.0000,0.0000,-68.4736,
-15.1177,0.0000,0.0000,0.0000,0.0000,0.0000,-0.3331,0.0000,0.0000,50.6191,0.0000,0.0000,0.0000,0.0000,-27.7568,-15.2174,0.0000,-20.3219,0.0000,-37.5600,0.0000,0.0000,18.2879,0.0000,1387.0886,0.0000,-39.3417,-25.2288,0.0000,-26.2757,
11.5045,-11.5174,0.0000,0.0000,0.0000,11.5046,-17.4156,0.0000,0.0000,0.0000,0.0000,0.0000,0.0000,0.0000,-28.6736,0.0000,8.3590,0.0000,0.0000,0.0000,0.0000,0.0000,-23.3459,0.0000,0.0000,0.0000,-41.8285,0.0000,0.0000,-54.5284,
3.1508,0.0000,0.0000,69.4816,-81.1872,0.0000,4.9229,0.0000,0.0000,-28.4587,0.0000,0.0000,0.0000,-5.5482,-2.5460,0.0000,0.0000,2.7636,780.3846,-24.9876,0.0000,0.0000,3.3743,0.0000,0.0000,49.3888,0.0000,12.5574,0.0000,30.9143,
-2.9656,0.0000,0.0000,0.0000,73.7143,79.0597,0.6071,0.0000,-92.8335,0.0000,0.0000,0.0000,-29.9687,-6.1315,0.0000,-29.3187,0.0000,0.0000,-74.6324,7.5714,0.0000,0.0000,5.9239,-2.9713,-87.5587,-16.4319,0.0000,0.0000,0.0000,-7.7542,
22.2957,0.0000,0.0000,20.7748,0.0000,0.0000,-1828.9439,0.0000,32.1110,0.0000,0.0000,0.0000,0.0000,0.0000,0.0000,0.0000,35.2758,0.0000,-77.2577,0.0000,0.0000,0.0000,-24.5921,0.0000,0.0000,0.0000,0.0000,0.0000,0.0000,8.2618,
-2.7143,0.0000,0.0000,-8.9810,0.0000,-2.7143,-173.2499,0.0000,0.0000,291.5671,0.0000,0.0000,0.0000,0.0000,-27.1028,0.0000,0.0000,0.0000,0.0000,242.9673,0.0000,0.0000,-81.0433,-0.1935,0.0000,0.0000,0.0000,-93.5793,0.0000,14.0891,
-1.8345,0.0000,0.0000,6.6753,0.0000,0.0000,-1.3358,0.0000,0.0000,-8.0548,0.0000,0.0000,0.0000,12.0387,-13.0274,0.0000,0.0000,-39.5090,0.0000,8.0576,0.0000,0.0000,-14.7764,-2.5502,0.0000,3.9085,-75.1980,-2.1801,0.0000,19.2045,
-16.3544,0.0000,0.0000,-12.8483,0.0000,-136.7574,-1.4086,0.0000,0.0000,1302.1250,0.0000,0.0000,0.0000,0.0000,42.4487,-6.2157,0.0000,0.0000,0.0000,-49.3628,0.0000,0.0000,10.8972,0.0000,-69.8663,0.0000,105.2724,0.0000,0.0000,-45.0704,
44.5669,0.0000,0.0000,44.5675,0.0000,0.0000,-284.0072,0.0000,0.0000,0.0000,0.0000,0.0000,0.0000,0.0000,67.4688,0.0000,0.0000,0.0000,0.0000,51.4903,0.0000,0.0000,-99.7473,0.0000,0.0000,594.3662,689.9648,0.0000,0.0000,-76.6666,
-7.9313,0.0000,-14.7549,0.0000,0.0000,-0.7362,0.8543,0.0000,0.0000,-86.5554,0.0000,0.0000,0.0000,0.0000,0.0000,0.0000,-9.8661,-22.5953,0.0000,9.6821,0.0000,0.0000,13.3767,0.0000,0.0000,0.0000,4.6612,0.0000,0.0000,-11.7512,
-0.4221,0.0000,0.0000,1.3522,0.0000,0.0000,3.3928,0.0000,0.0000,0.0000,0.0000,0.0000,-36.9313,-4.7619,0.0000,0.0000,0.0000,0.0000,0.0000,0.0000,0.0000,0.0000,-19.4763,21.2703,47.7208,0.0000,0.0000,0.0000,0.0000,-4.1593,
0.2112,0.0000,-48.4887,2.0570,-100.4771,0.0000,130.7811,0.0000,0.0000,-16.0382,0.0000,0.0000,0.0000,0.0000,-53.7810,-9.5955,0.0000,0.0000,0.0000,-25.7873,0.0000,0.0000,11.4179,0.0000,0.0000,-8.7554,0.0000,2.8764,0.0000,11.2161,
-3.7456,0.0000,0.0000,6.8340,0.0000,0.0000,42.4450,0.0000,0.0000,-10.3359,0.0000,0.0000,0.0000,24.1993,-4.2250,1.0081,0.0000,-11.8549,0.0000,10.1784,0.0000,0.0000,27.8105,-6.2771,-9.4723,26.8939,-9.7767,20.2643,0.0000,-13.9073,
2.6944,0.0000,0.0000,2.6941,-270.2996,0.0000,2.4291,0.0000,-38.5311,-10.6998,0.0000,0.0000,0.0000,20.9319,-13.7163,0.0000,0.0000,0.0000,-71.6490,-6.7867,0.0000,0.0000,15.7435,-3.8324,0.0000,0.0000,7.2809,0.0000,0.0000,-28.0677,
-21.8878,0.0000,21.8561,-21.8789,0.0000,2.3318,-11.6350,0.0000,0.0000,15.0668,0.0000,0.0000,0.0000,-21.7852,-22.8222,0.0000,0.0000,0.0000,0.0000,123.6398,0.0000,0.0000,-8.4455,0.0000,49.7776,64.8475,0.0000,0.0000,0.0000,-19.6156,
9.7457,0.0000,0.0000,9.7452,0.0000,5.7066,218.3532,0.0000,0.0000,-27.4597,0.0000,0.0000,0.0000,0.0000,9.1996,0.0000,0.0000,-98.8250,0.0000,0.0000,0.0000,0.0000,37.5047,0.0000,0.0000,-3.3624,0.0000,8.7362,0.0000,-49.4184,
-5.2474,0.0000,0.0000,0.0000,0.0000,0.0000,3.1038,0.0000,0.0000,-22.1073,0.0000,0.0000,0.0000,-43.7870,0.0000,0.0000,-58.3721,0.0000,0.0000,6.5446,0.0000,0.0000,-14.9818,-56.2059,0.0000,-96.2160,14.8202,0.0000,0.0000,-36.4718,
-27.6469,0.0000,0.0000,45.7119,0.0000,0.0000,8.2013,0.0000,0.0000,0.0000,0.0000,0.0000,0.0000,-47.5248,-13.1579,0.0000,0.0000,-41.5203,0.0000,0.0000,0.0000,0.0000,-47.0928,0.0000,0.0000,-35.7295,5.2980,-47.2352,0.0000,28.2677,
-13.8110,0.0000,99.3697,2.6083,0.0000,24.9555,-1.5907,0.0000,0.0000,12.6103,0.0000,0.0000,0.0000,0.0000,30.8591,0.0000,0.0000,0.0000,39.6739,-9.2764,0.0000,0.0000,0.0000,0.0000,120.0489,0.0000,9.6415,0.0000,0.0000,-14.4673,
-19.1065,0.0000,19.0961,-15.0288,0.0000,-7.1032,457.2876,0.0000,0.0000,95.5387,0.0000,0.0000,0.0000,0.0000,0.0000,0.0000,0.0000,0.0000,0.0000,18.4116,0.0000,0.0000,-99.7372,0.0000,0.0000,-13.0130,0.0000,0.0000,0.0000,6.8266,
5726.3889,0.0000,0.0000,4680.2055,0.0000,2084.3622,-5053.5485,0.0000,0.0000,0.0000,0.0000,0.0000,0.0000,0.0000,0.0000,0.0000,0.0000,0.0000,0.0000,0.0000,0.0000,0.0000,0.0000,0.0000,579.8770,0.0000,0.0000,0.0000,0.0000,1304.4887,
22.8509,0.0000,0.0000,10.3281,-92.7248,14.9549,-949.4828,0.0000,0.0000,-97.1187,0.0000,0.0000,0.0000,25.0231,0.0000,0.0000,0.0000,0.0000,0.0000,-99.4439,0.0000,0.0000,17.0175,71.3050,0.0000,0.0000,0.0000,0.0000,0.0000,-8.0486,
-7.3886,0.0000,0.0000,-9.3082,0.0000,0.0000,-175.4697,0.0000,0.0000,72.2133,0.0000,0.0000,0.0000,0.0000,39.9052,0.0000,0.0000,0.0000,0.0000,-64.4523,0.0000,0.0000,-4.9046,510.9091,0.0000,0.0000,92.2095,0.0000,0.0000,18.5279,
-18.8418,0.0000,0.0000,-18.8519,0.0000,0.0000,18.9304,0.0000,0.0000,0.0000,0.0000,0.0000,0.0000,0.0000,0.0000,0.0000,0.0000,0.0000,0.0000,-99.7848,0.0000,0.0000,-2.5090,0.0000,0.0000,0.0000,0.0000,-3.8462,0.0000,-16.6663,
-6.0165,0.0000,0.0000,-2.9096,0.0000,0.0000,41.5712,0.0000,0.0000,14.5909,0.0000,0.0000,0.0000,0.0000,30.6687,0.0000,0.0000,0.0000,0.0000,47.2194,0.0000,0.0000,-17.4958,-8.5970,-16.0013,5.6476,-18.2916,10083.3333,0.0000,-4.1111,
-15.6955,0.0000,15.2712,-21.0007,-164.9508,-15.7029,72.6561,0.0000,0.0000,0.0000,0.0000,0.0000,0.0000,-16.0000,5233.3893,0.0000,-22.1512,0.0000,0.0000,758.7231,0.0000,0.0000,-6.9256,0.0000,0.0000,-21.1694,-36.1374,0.0000,0.0000,-17.1630,
-8.7724,0.0000,0.0000,-1.6158,0.0000,0.0000,-3.6346,0.0000,0.0000,137.2762,0.0000,0.0000,0.0000,-12.0743,3.5043,0.0000,-99.8689,19.1529,0.0000,1151.9524,0.0000,0.0000,7.6464,-42.2572,0.0000,0.0000,-42.2788,388.6999,0.0000,-44.1206,
-30.5652,0.0000,0.0000,-36.6452,0.0000,0.0000,139.5735,0.0000,0.0000,-28.8897,0.0000,0.0000,0.0000,141.3070,-63.4320,0.0000,0.0000,0.0000,0.0000,1509.4915,0.0000,0.0000,55.9358,0.0000,0.0000,112.1212,2135.8443,0.0000,0.0000,-24.5930,
4.3772,0.0000,0.0000,-38.8285,0.0000,0.0000,118.9229,0.0000,0.0000,0.0000,0.0000,0.0000,0.0000,0.0000,0.0000,0.0000,0.0000,0.0000,0.0000,0.0000,0.0000,0.0000,59.9431,0.0000,0.0000,16.7177,1463.0341,0.0000,0.0000,52.6373,
-9.7609,0.0000,99.0682,-10.7596,124.7535,-8.8454,-204.6611,0.0000,0.0000,0.0000,0.0000,0.0000,0.0000,-59.1204,107.3631,0.0000,-6.7693,-55.4840,0.0000,0.0000,0.0000,0.0000,40.4388,0.0000,0.0000,151.3621,0.0000,-11.1903,0.0000,-12.2613,
-24.3462,0.0000,0.0000,-15.0753,0.0000,0.0000,0.7939,0.0000,0.0000,45.3230,0.0000,0.0000,0.0000,0.0000,0.0000,0.0000,0.0000,0.0000,0.0000,-36.4249,0.0000,0.0000,0.0000,0.0000,505.6250,0.0000,70.6667,0.0000,0.0000,-15.0232,
-5.9901,0.0000,0.0000,-12.8282,0.0000,192.6602,-132.6826,0.0000,-52.9904,-10.1335,0.0000,0.0000,0.0000,0.0000,7.5163,80.6723,-36.1011,-7.9090,-7.3724,60.7017,0.0000,0.0000,-5.5605,0.0000,0.0000,-11.6641,0.0000,-1.2359,0.0000,5.9362,
-5.6580,0.0000,0.0000,5.7003,0.0000,-31.9828,-26.1407,0.0000,0.0000,-21.1731,0.0000,0.0000,0.0000,6.2500,0.0000,0.0000,-24.2838,0.0000,0.0000,35.9731,0.0000,0.0000,-4.8684,-7.1970,0.0000,81.2500,-87.7358,0.0000,0.0000,-21.1986,
-21.6904,0.0000,0.0000,14.1825,414.2111,0.0000,-52.4880,0.0000,0.0000,-74.1143,0.0000,0.0000,0.0000,-9.9059,400.1334,0.0000,0.0000,20.4334,0.0000,0.0000,0.0000,0.0000,0.0000,3.3766,0.0000,-3.8477,-89.3663,-94.7896,0.0000,9.8300,
-0.3804,0.0000,0.3842,0.0000,0.0000,-7.3716,1.1021,0.0000,0.0000,0.0000,0.0000,0.0000,0.0000,1.1827,-6.2030,0.0000,0.0000,0.0000,0.0000,84.1408,0.0000,0.0000,-13.1523,31.5558,398.1818,537.9679,0.0000,0.0000,0.0000,44.1789,
-1.0604,0.0000,67.9489,-0.1433,0.0000,0.0000,-747.5001,0.0000,0.0000,-31.1881,0.0000,0.0000,0.0000,0.0000,-2.9571,0.0000,0.0000,0.0000,0.0000,-55.2465,0.0000,0.0000,-40.3853,3.9604,0.0000,28.1229,0.0000,0.0000,0.0000,-40.7625,
-5.3148,0.0000,0.0000,-5.3148,10.2459,0.0000,10.7417,0.0000,0.0000,-25.0487,0.0000,0.0000,0.0000,1.5485,-1.0826,0.0000,0.0000,-17.6973,0.0000,19.8097,0.0000,0.0000,5.3092,0.0000,0.0000,-21.6670,0.0000,-1.9572,0.0000,-19.6936,
-8.7550,0.0000,0.0000,0.0000,0.0000,8.0424,7.2573,0.0000,89.5922,0.0000,0.0000,0.0000,0.0000,0.0000,172.5534,-28.1768,-44.9628,0.0000,231.5144,-93.4569,0.0000,0.0000,-44.6648,0.0000,0.0000,-99.9245,-32.6623,-13.5521,0.0000,-84.4707,
11.5620,0.0000,-18.7500,24.0344,0.0000,11.5661,32.7769,0.0000,0.0000,6.7262,0.0000,0.0000,0.0000,0.0000,10.8162,11.8386,0.0000,0.3256,0.0000,-64.3340,0.0000,0.0000,-8.5933,0.0000,59.1969,-28.8880,83.8973,26.0684,0.0000,-48.9796,
1.2365,0.0000,0.0000,0.0000,0.0000,1.2358,0.8096,0.0000,0.0000,0.0000,0.0000,0.0000,0.0000,-4.3074,-24.3561,0.0000,-11.1675,0.0000,0.0000,0.0000,0.0000,0.0000,-20.3911,25.3227,-7.0081,-47.8363,-6.5156,0.0000,0.0000,8.9825,
-1.1630,0.0000,0.0000,-1.2540,0.0000,-1.6517,-122.8636,0.0000,0.0000,-71.0486,0.0000,0.0000,0.0000,0.0000,-13.8546,0.0000,0.0000,0.0000,0.0000,478.3705,0.0000,0.0000,1.2900,0.0000,0.0000,-9.8539,0.0000,0.0000,0.0000,41.2426,
33.4860,0.0000,0.0000,33.1958,0.0000,0.0000,-15598.8285,0.0000,0.0000,6.0208,0.0000,0.0000,0.0000,33.3893,44.1703,0.0000,0.0000,-5.9415,0.0000,0.0000,0.0000,0.0000,-10.6035,56.3512,0.0000,273.4844,-28.4584,18.5177,0.0000,-71.3381,
-6.3314,0.0000,-18.1818,-6.3311,0.0000,0.0000,0.0786,0.0000,0.0000,0.0000,0.0000,0.0000,10.6849,6.8627,31.3893,-17.0344,0.0000,0.0000,0.0000,0.0000,0.0000,0.0000,17.0939,0.0000,0.0000,-8.7751,0.0000,61.7412,0.0000,-13.5706,
-15.6696,0.0000,0.0000,-15.6685,-5.0856,0.0000,-6.8060,0.0000,0.0000,91.7510,0.0000,0.0000,0.0000,0.0000,-13.6083,-11.2925,285.8976,0.0000,0.0000,79.5792,0.0000,0.0000,-46.4925,0.0000,-65.7877,6.4516,21.8556,0.0000,0.0000,-53.6585,
14.4810,0.0000,0.0000,14.4756,0.0000,14.4756,-8.2145,0.0000,0.0000,1.2239,0.0000,0.0000,0.0000,17.5573,0.0000,-33.9997,0.0000,-64.4407,-83.0403,13.1124,0.0000,0.0000,25.5678,-4.5972,0.0000,1.5797,0.0000,-8.7302,0.0000,-25.7993,
-2.4132,0.0000,0.0000,1099.6931,0.0000,0.0000,17.1206,0.0000,0.0000,-14.4041,0.0000,0.0000,0.0000,89.3617,-1.6908,0.0000,0.0000,0.0000,0.0000,0.9731,0.0000,0.0000,3.7690,-18.7500,0.0000,-27.4655,15.0231,0.0000,0.0000,-35.8720,
-9.9949,0.0000,0.0000,-9.9981,-45.5160,0.0000,0.6263,0.0000,0.0000,398.3601,0.0000,0.0000,0.0000,-13.5447,-9.3160,0.0000,-26.0504,0.0000,0.0000,250500.0000,0.0000,0.0000,11.3637,42.3615,0.0000,192.8230,18.6767,0.0000,0.0000,7.3795,
-1.0406,0.0000,-52.3183,3.6868,0.0000,-15.8252,211.5365,0.0000,0.0000,-6.2373,0.0000,0.0000,0.0000,-12.4183,-7.7707,0.0000,-18.0690,-7.9439,0.0000,0.0000,0.0000,0.0000,0.0000,45.8857,0.0000,-25.3608,-14.1533,-81.1254,0.0000,-18.6553,
0.9056,0.0000,0.0000,0.9071,0.9121,57.8455,-109.6125,0.0000,0.0000,31.8320,0.0000,0.0000,0.0000,0.0000,-97.1494,3.0979,-34.7432,0.0000,0.0000,0.0000,0.0000,0.0000,-96.5465,0.0000,0.0000,22.1802,244.1065,-35.7171,0.0000,128.4405,
2.5335,0.0000,0.0000,5.8703,0.0000,0.0000,-70.3593,0.0000,0.0000,-20.5704,0.0000,0.0000,0.0000,-2.0110,-2.0593,0.0000,0.0000,-9.6681,0.0000,-3.2597,0.0000,0.0000,4.2279,-25.9153,-94.8262,37.4151,-22.2550,0.0000,0.0000,7.5904,
-2.6141,0.0000,0.0000,-10.1212,0.0000,-2.1341,147.5173,0.0000,0.0000,0.0000,0.0000,0.0000,0.0000,0.0000,-48.5099,-18.0108,0.0000,0.0000,0.0000,-96.7031,0.0000,0.0000,-73.2068,0.0000,0.0000,-87.5767,277.5650,-97.3154,0.0000,16.0319,
3.4471,0.0000,0.0000,3.4454,-121.9323,0.0000,10.1118,0.0000,0.0000,4.4366,0.0000,0.0000,0.0000,78.9625,-0.3189,-24.1217,28.6863,14.9207,-67.6270,-54.9035,0.0000,0.0000,7.6989,-36.6270,0.0000,191.5754,0.0000,-16.9118,0.0000,-13.5922,
-4.7196,0.0000,0.0000,-29.6902,0.0000,0.0000,-116.0333,0.0000,0.0000,94.1806,0.0000,0.0000,0.0000,0.0000,0.0000,0.0000,0.0000,0.0000,0.0000,0.0000,0.0000,0.0000,-70.0101,0.0000,0.0000,0.0000,0.0000,0.0000,0.0000,2.1611,
-1.4947,0.0000,0.0000,-1.5802,-339.7359,0.0000,-1.6642,0.0000,0.0000,-13.8914,0.0000,0.0000,0.0000,0.0000,65.7177,-11.3987,-26.7123,0.0000,0.0000,2.3508,0.0000,0.0000,12.7722,0.0000,0.0000,-14.5704,0.0000,-32.4569,0.0000,19.3171,
-28.1056,0.0000,0.0000,702.6186,0.0000,59.3397,460.5082,0.0000,0.0000,-34.9241,0.0000,0.0000,-28.1804,-9.7051,0.0000,0.0000,0.0000,0.0000,0.0000,15.7814,0.0000,0.0000,-4.2692,78.2185,0.0000,-6.5105,0.0000,0.0000,0.0000,0.3742,
-0.5626,0.0000,-201.8507,7.5994,0.0000,0.0000,-5.1289,0.0000,0.0000,48.1049,0.0000,0.0000,0.0000,-3.2520,19.2842,0.0000,0.0000,-4.8966,0.0000,20.9801,0.0000,0.0000,-3.8734,-30.3685,0.0000,6338.5542,-76.8804,28.1193,0.0000,-17.2233,
-12.7677,0.0000,0.0000,0.0000,0.0000,0.0000,-15.3947,0.0000,0.0000,-48.2518,0.0000,0.0000,0.0000,-8.4816,0.0000,-37.3587,9340.5248,-26.7409,0.0000,26.1484,0.0000,0.0000,56.7711,14.2857,0.0000,23.8337,0.0000,13.7796,0.0000,-23.1535,
-2.0113,0.0000,0.0000,-83.2769,-2.0085,-2.0136,-136.8152,0.0000,0.0000,-52.6843,0.0000,0.0000,0.0000,-17.8411,183.0261,0.0000,0.0000,-8.7255,0.0000,-22.9939,0.0000,0.0000,-22.9896,6.0299,0.0000,0.0000,93.0465,5.9220,0.0000,-28.0548,
-38.0835,0.0000,0.0000,0.0000,91.1469,-22.7951,17.9771,0.0000,0.0000,-30.8749,0.0000,0.0000,0.0000,-19.4412,-14.8877,0.0000,0.0000,0.0000,0.0000,6.1224,0.0000,0.0000,-11.1777,15.4558,6.6384,16.3113,-9.3926,0.0000,0.0000,20.1380,
24.4210,0.0000,0.0000,0.9290,0.0000,17.9018,-1137.8006,0.0000,0.0000,12.4267,0.0000,0.0000,0.0000,0.0000,0.0000,377.3585,674289.2857,0.0000,0.0000,-62.8284,0.0000,0.0000,176.9800,0.0000,174.0554,5.8864,694.3820,-93.1519,0.0000,-28.0217,
0.1993,0.0000,0.0000,14.0764,0.0000,-12.5057,-7.8408,0.0000,0.0000,-60.3070,0.0000,0.0000,0.0000,0.0000,-25.2437,-12.7660,0.0000,0.0000,0.0000,-5.2984,0.0000,0.0000,31.7787,0.0000,0.0000,-12.1739,164.6938,-18.8452,0.0000,-12.2967,
-10.1011,0.0000,0.0000,-10.0976,25.5656,0.0000,-89.1498,0.0000,0.0000,49.6173,0.0000,0.0000,0.0000,0.0000,-3.2133,-72.7273,-36.2345,0.0000,0.0000,-3.5963,0.0000,0.0000,-17.1827,0.0000,0.0000,-36.9821,0.0000,36.5700,0.0000,-21.6186,
-8.9125,0.0000,8.9116,-8.4543,0.0000,108.0103,-7.0243,0.0000,0.0000,382.6675,0.0000,0.0000,0.0000,-8.8889,0.0000,0.0000,0.0000,-27.1739,0.0000,125.7345,0.0000,0.0000,19.5517,0.0000,39.8151,0.0000,-1.2729,0.0000,0.0000,-25.7366,
-9.4756,0.0000,0.0000,0.0000,-20.8178,0.0000,-4.4490,0.0000,0.0000,0.0000,0.0000,0.0000,0.0000,15.8256,0.0000,0.0000,-19.5122,0.0000,0.0000,0.0000,0.0000,0.0000,-44.6988,0.0000,0.0000,0.0000,-26.8595,52564.0000,0.0000,-40.7115,
-63.8773,0.0000,0.0000,0.0000,0.0000,29.1142,96.8227,0.0000,0.0000,0.0000,0.0000,0.0000,0.0000,-64.4000,-57.0448,0.0000,0.0000,0.0000,0.0000,-85.0862,0.0000,0.0000,-61.6863,0.0000,0.0000,-61.7152,-13.2663,0.0000,0.0000,-72.8411,
21.8874,0.0000,-21.8728,12.4430,0.0000,0.0000,-786.2076,0.0000,0.0000,-9.0477,0.0000,0.0000,0.0000,0.0000,0.9625,38.8665,0.0000,-46.6108,0.0000,26.7886,0.0000,0.0000,54.6342,0.0000,0.0000,61.9632,0.0000,-10.8995,0.0000,-21.5488,
-55.1764,0.0000,0.0000,18.9339,0.0000,0.0000,27.7714,0.0000,0.0000,0.0000,0.0000,0.0000,0.0000,0.0000,-42.0757,0.0000,0.0000,0.0000,0.0000,0.0000,0.0000,0.0000,52.3607,0.0000,0.0000,0.0000,0.0000,66.2876,0.0000,-28.5613,
-18.3595,0.0000,13.9786,-18.3719,0.0000,-18.4863,1.6085,0.0000,0.0000,10.4759,0.0000,0.0000,0.0000,-2.0296,20.1883,-93.2367,0.0000,0.0000,0.0000,76.8832,0.0000,0.0000,16.9155,0.0000,0.0000,0.0000,12.0346,-35.0078,0.0000,-36.3043,
23.7368,0.0000,0.0000,27.2602,-52.5822,0.0000,-2531.0315,0.0000,0.0000,331.3725,0.0000,0.0000,-2.7906,22.5522,0.0000,0.0000,-68.3311,0.0000,0.0000,9.7211,0.0000,0.0000,3.9465,0.6583,0.0000,10.3304,81.0716,39.6907,0.0000,-12.5000,
-2.3609,0.0000,0.0000,8.6662,0.0000,26.6080,-67.0905,0.0000,0.0000,27.6203,0.0000,0.0000,0.0000,23.4683,-16.3907,0.0000,0.0000,0.0000,0.0000,61.4642,0.0000,0.0000,-29.3544,1.3205,0.0000,-29.8590,-0.3443,0.0000,0.0000,2.2382,
-30.1433,0.0000,-90.5836,-25.6255,37.3088,0.0000,135.1553,0.0000,0.0000,0.0000,0.0000,0.0000,0.0000,-30.3571,-28.2885,0.0000,0.0000,0.0000,0.0000,-67.5624,0.0000,0.0000,26.0820,-9.3204,111.3590,-31.6097,87.1974,-40.9687,0.0000,63.4011,
-0.4743,0.0000,0.0000,-2.0020,-0.4902,38.8277,582.9702,0.0000,0.0000,218.9314,0.0000,0.0000,0.0000,0.8264,-3.1776,0.0000,41.7026,0.0000,0.0000,0.0000,0.0000,0.0000,-11.6039,0.0000,0.0000,-31.2796,-6.0683,-79.4728,0.0000,-40.4540,
-28.9408,0.0000,0.0000,-28.9410,0.0000,-24.4643,-114.3353,0.0000,0.0000,850.1052,0.0000,0.0000,0.0000,0.0000,36.2535,-9.8039,0.0000,0.0000,0.0000,-83.1468,0.0000,0.0000,40.7666,0.0000,65.7167,-69.1884,263.5952,583.1081,0.0000,3.2756,
55.7578,0.0000,0.0000,55.7578,0.0000,0.0000,-99.3534,0.0000,0.0000,-2.6665,0.0000,0.0000,0.0000,0.0000,-72.4490,0.0000,0.0000,0.0000,0.0000,257.5984,0.0000,0.0000,-17.7986,0.0000,0.0000,61.5163,89.2951,0.0000,0.0000,609.6654,
-92.3637,0.0000,0.0000,0.0000,0.0000,0.0000,-224.9174,0.0000,0.0000,0.0000,0.0000,0.0000,0.0000,0.0000,0.0000,0.0000,0.0000,0.0000,0.0000,0.0000,0.0000,0.0000,-92.3431,0.0000,0.0000,-92.5113,-91.5653,-92.3807,0.0000,1380.6452,
1.8901,0.0000,0.0000,167.1360,-1.4427,0.0000,-64.0244,0.0000,0.0000,-3.9222,0.0000,0.0000,0.0000,0.0000,0.0000,4.9189,0.0000,0.0000,0.0000,76.0296,0.0000,0.0000,-9.8620,0.0000,0.0000,-21.5071,-41.5940,0.0000,0.0000,-28.5679,
43.7375,0.0000,0.0000,-20.9987,36.3305,0.0000,-116.8221,0.0000,0.0000,48.1304,0.0000,0.0000,0.0000,8.8067,-14.5617,0.0000,0.0000,25.6273,0.0000,69.5769,0.0000,0.0000,19.3976,77.3431,0.0000,30.8579,14.3668,24.2042,0.0000,42.5985,
-10.1345,0.0000,0.0000,-97.9095,-10.1765,0.0000,-122.4701,0.0000,0.0000,0.0000,0.0000,0.0000,0.0000,0.0000,302.3644,0.0000,0.0000,0.0000,0.0000,7.3706,0.0000,0.0000,-38.0999,-87.7928,0.0000,-54.0398,0.0000,0.0000,0.0000,71.6449,
-6.5854,0.0000,0.0000,-6.5846,10.1312,0.0000,-1.4393,0.0000,0.0000,22.4911,0.0000,0.0000,0.0000,0.0000,0.0000,0.0000,0.0000,0.0000,0.0000,67.6984,0.0000,0.0000,-71.7736,0.0000,0.0000,0.0000,0.0000,0.0000,0.0000,-20.3196,
-6.8715,0.0000,6.8788,3.1752,-6.6662,-5.0000,0.3885,0.0000,0.0000,31.7442,0.0000,0.0000,0.0000,-16.3546,-7.3786,0.0000,0.0000,19.5626,15.2717,-17.1980,0.0000,0.0000,19.4297,51.4133,0.0000,0.0000,0.0000,0.0000,0.0000,-36.8284,
-2.4321,0.0000,0.0000,-2.4294,-0.2924,0.0000,23.4541,0.0000,0.0000,-48.5199,0.0000,0.0000,0.0000,-16.3265,0.0000,0.0000,0.0000,0.0000,0.0000,-13.5541,0.0000,0.0000,18.5585,9.1611,0.0000,-14.2219,13.0264,0.0000,0.0000,-32.2118,
264.9914,0.0000,0.0000,24.9749,0.0000,74.4105,-238.4689,0.0000,0.0000,0.0000,0.0000,0.0000,0.0000,0.0000,4.8651,0.0000,0.0000,0.0000,0.0000,-28.2481,0.0000,0.0000,24.1302,0.0000,71.1601,23.6311,0.0000,0.0000,0.0000,-59.0399,
-90.2362,0.0000,0.0000,68.3838,-2.3687,-2.2971,-104.3945,0.0000,0.0000,0.0000,0.0000,0.0000,0.0000,0.0000,29.0192,0.0000,0.0000,0.0000,0.0000,0.0000,0.0000,0.0000,0.3811,0.0000,0.0000,-24.9027,0.0000,-85.9206,0.0000,-18.2230,
-6.6467,0.0000,0.0000,-6.6467,0.0000,0.0000,-561.4379,0.0000,0.0000,684.0711,0.0000,0.0000,0.0000,-3.1418,21.7615,0.0000,0.0000,-20.1356,0.0000,-94.7622,0.0000,0.0000,-10.0337,0.0000,0.0000,-7.8412,0.0000,30.4457,0.0000,-83.1051,
-8.7244,0.0000,0.0000,-6.3225,-6.4516,-8.7310,141.7704,0.0000,0.0000,78.1500,0.0000,0.0000,0.0000,-31.4143,37.9410,0.0000,0.0000,-15.0466,0.0000,-62.8151,0.0000,0.0000,6.7736,0.0000,0.0000,1236.3636,0.0000,-13.1413,0.0000,-11.7068,
-5.9160,0.0000,0.0000,-24.9364,0.0000,-5.8981,-166.7421,0.0000,0.0000,-54.9791,0.0000,0.0000,0.0000,0.0000,0.0000,0.0000,0.0000,0.0000,0.0000,120.2053,0.0000,0.0000,-4.8291,0.0000,0.0000,0.0000,-42.0024,0.0000,0.0000,-40.7528,
6.2984,0.0000,0.0000,-11.3109,0.0000,0.0000,10.6700,0.0000,0.0000,-10.0822,0.0000,542.1774,0.0000,0.0000,0.0000,0.0000,-57.5366,0.0000,0.0000,98.5016,0.0000,292.8882,5.8197,0.0000,0.0000,-13.7115,0.0000,-0.6029,0.0000,5.8927,
-9.1359,0.0000,0.0000,-9.1358,0.0000,0.0000,15.8483,0.0000,0.0000,-3.6794,0.0000,0.0000,0.0000,16.1344,650.5539,2.8277,0.0000,0.0000,0.0000,-31.2587,0.0000,0.0000,20.9364,0.0000,-14.5306,-55.2876,-56.2371,-6.4443,0.0000,9.8383,
-38.4321,0.0000,0.0000,-38.4321,-38.4185,0.0000,38.5979,0.0000,0.0000,-76.7318,0.0000,0.0000,0.0000,-28.1356,-40.0258,0.0000,0.0000,0.0000,0.0000,0.0000,0.0000,0.0000,0.0000,-25.6427,0.0000,0.0000,0.0000,206.5795,0.0000,-60.0000,
1.6045,0.0000,0.0000,0.5136,0.0000,0.0000,-155.2750,0.0000,0.0000,-12.9108,0.0000,0.0000,0.0000,1.0929,197.4535,0.0000,0.0000,0.0000,0.0000,0.0000,0.0000,0.0000,-7.6949,0.0000,0.0000,-79.9862,0.0000,0.0000,0.0000,-61.8056,
-8.3205,0.0000,0.0000,-26.4727,0.0000,0.0000,3.4704,0.0000,0.0000,16.6676,0.0000,0.0000,0.0000,0.0000,-5.3958,0.2379,-70.2065,0.0000,0.0000,14.3474,0.0000,0.0000,-18.2880,0.0000,0.0000,17.1103,0.0000,-48.5364,0.0000,-15.1338,
-1.5615,0.0000,0.0000,0.0000,0.0000,6.7674,-52.3662,0.0000,0.0000,132.0388,0.0000,0.0000,0.0000,0.0000,43.8910,3.7122,0.0000,79.0583,0.0000,-63.2653,0.0000,0.0000,-41.0415,0.0726,0.0000,-70.5801,-9.4130,22.2574,0.0000,-50.7837,
-2.7364,0.0000,0.0000,-2.7407,0.0000,0.0000,14.4107,0.0000,0.0000,-70.7942,0.0000,0.0000,0.0000,10.1911,-2.8838,-48.4542,0.0000,27.8164,0.0000,3114.7326,0.0000,0.0000,0.0000,-67.3836,-93.6478,44.7952,0.0000,10.1033,0.0000,-5.6250,
4.3329,0.0000,-4.3011,-7.6621,0.0000,0.0000,-263.9973,0.0000,0.0000,0.0000,0.0000,0.0000,0.0000,189.0052,0.0000,0.0000,0.0000,0.0000,0.0000,0.0000,0.0000,0.0000,-28.8158,-50.7478,0.0000,-89.1393,0.0000,0.0000,0.0000,6.2497,
1.1241,0.0000,-1.4085,1.1195,1.1166,5.6762,-85.1747,0.0000,0.0000,-24.1612,0.0000,0.0000,0.0000,0.0000,51.9891,-7.6106,1.1192,0.0000,0.0000,1.1192,0.0000,0.0000,-4.4321,0.0000,0.0000,1.1667,26.0064,10.0000,0.0000,121.0372,
80.4028,0.0000,0.0000,0.0000,-3721.7647,0.0000,15.2186,0.0000,0.0000,0.0000,0.0000,0.0000,0.0000,48.6692,0.0000,0.0000,0.0000,0.0000,0.0000,-6.0770,0.0000,0.0000,2.5069,44.4444,0.0000,0.0000,0.0000,0.0000,0.0000,-24.8629,
-10.3552,0.0000,0.0000,-18.2980,0.0000,-10.3548,-287.7879,0.0000,0.0000,98.4059,0.0000,0.0000,0.0000,-63.0384,0.0000,0.0000,0.0000,-23.8589,0.0000,6.9947,0.0000,0.0000,-7.5745,0.0000,0.0000,9458.8235,0.0000,-13.2179,0.0000,61.2426,
-0.2882,0.0000,0.0000,-0.2881,0.0000,0.0000,-443.0286,0.0000,0.0000,-12.8082,0.0000,0.0000,0.0000,5.4264,13.2424,0.0000,0.0000,-51.6627,0.0000,-8.6058,0.0000,0.0000,7.9194,-4.6167,0.0000,-55.3755,0.0000,-13.3898,0.0000,3.4729,
3.5026,0.0000,0.0000,3.5026,0.0000,1.7141,-552.9034,0.0000,0.0000,0.0000,0.0000,0.0000,0.0000,0.0000,27.1806,0.0000,0.0000,0.0000,0.0000,0.0000,0.0000,0.0000,0.6391,11.7715,-5.7088,-26.0118,167.0656,0.0000,0.0000,18.4466,
3.9179,0.0000,0.0000,6.4292,0.0000,-25.4266,22.6103,0.0000,0.0000,0.0000,0.0000,0.0000,0.0000,22.3185,0.0000,0.0000,0.0000,0.0000,0.0000,-85.3131,0.0000,0.0000,36.1264,269.9257,-99.2603,14.2570,0.0000,0.0000,0.0000,-22.4368,
42.3695,0.0000,0.0000,7.5065,14.9762,-48.0288,-134.2929,0.0000,0.0000,58.9648,0.0000,0.0000,0.0000,-16.2532,-26.9034,-6.5452,0.0000,0.0000,0.0000,-34.2709,0.0000,0.0000,11.2331,-11.5929,0.0000,78.0322,0.0000,0.0000,0.0000,-26.3555,
-13.8222,0.0000,0.0000,-10.4450,0.0000,-13.8218,303.0661,0.0000,0.0000,33.9660,0.0000,0.0000,0.0000,0.0000,45.1875,0.0000,0.0000,0.0000,0.0000,17.9734,0.0000,0.0000,-52.8904,-8.9804,0.0000,-93.2844,0.0000,0.0000,0.0000,-41.4241,
-1.0101,0.0000,0.0000,-49.9561,0.0000,-1.0089,-103.2808,0.0000,0.0000,0.0000,0.0000,0.0000,2548.6166,0.0000,-51.1124,0.0000,0.0000,0.0000,0.0000,0.0000,0.0000,0.0000,-93.2721,-2.4725,0.0000,-6.3694,0.0000,2039.7959,0.0000,-26.4881,
19.6931,0.0000,0.0000,19.6919,0.0000,0.0000,10.4603,0.0000,0.0000,-68.8565,0.0000,0.0000,0.0000,59.3607,10.3536,0.0000,0.0000,0.0000,0.0000,-22.7200,0.0000,0.0000,-18.7298,-73.3333,0.0000,0.0000,0.0000,0.0000,0.0000,-39.1448,
-3.3507,0.0000,0.0000,-2.8108,0.0000,-1.2413,13.5502,0.0000,0.0000,128.6383,0.0000,0.0000,0.0000,0.0000,-14.8900,4.6460,3.8297,-5.1282,0.0000,-57.0109,0.0000,0.0000,-1.4306,0.0000,514.4687,-2.5768,3.1168,31.2873,0.0000,4.6920,
20.6051,0.0000,-22.5169,19.2339,0.0000,20.6051,-313.2925,0.0000,0.0000,-8.3798,0.0000,0.0000,0.0000,20.2703,15.9067,0.0000,0.0000,-26.4595,0.0000,0.0000,0.0000,0.0000,-30.9711,0.0000,0.0000,225.8967,153.3559,39.8733,0.0000,-15.5585,
24.2033,0.0000,0.0000,-9.7542,0.0000,0.0000,-79.4716,0.0000,0.0000,125.8877,0.0000,0.0000,0.0000,0.0000,5.2597,-84.0645,-47.7010,0.0000,0.0000,23.7874,0.0000,0.0000,11.2395,0.0000,0.0000,-40.3934,0.0000,0.0000,0.0000,22.1354,
1.8584,0.0000,0.0000,-0.7039,0.0000,-7.3984,-8.2025,0.0000,0.0000,204.8997,0.0000,0.0000,0.0000,0.0000,-69.9371,0.0000,0.0000,0.0000,0.0000,-56.7742,0.0000,0.0000,86.4087,0.0000,0.0000,-17.2879,0.0000,0.0000,0.0000,-10.9326,
-13.5711,0.0000,0.0000,-13.5748,0.0000,-6.7356,1.9733,0.0000,0.0000,352.8059,0.0000,0.0000,0.0000,8.2474,20.5894,0.0000,0.0000,-39.6694,0.0000,-78.2297,0.0000,0.0000,5.7861,-15.3285,0.0000,-4.8780,334.6649,-13.6364,0.0000,-15.0495,
-6.8815,0.0000,0.0000,2.6529,0.0000,-13.6713,82.3871,0.0000,0.0000,-2.8237,0.0000,0.0000,-16.7424,7.6336,0.0000,0.0000,0.0000,-20.4684,0.0000,12.2665,0.0000,0.0000,14.6015,-13.3321,0.0000,0.0000,0.0000,-13.4147,0.0000,-43.2502,
-5.2439,0.0000,0.0000,29.4959,0.0000,0.0000,-45.1876,0.0000,0.0000,-42.7795,0.0000,0.0000,0.0000,-18.7384,1005.8442,0.0000,0.0000,3.0740,0.0000,0.0000,0.0000,0.0000,-8.0835,-3.9216,0.0000,-23.1926,-8.5371,-36.0050,0.0000,-66.4145,
6.3777,0.0000,0.0000,0.0000,0.0000,11.6859,-45.5280,0.0000,0.0000,-91.6060,0.0000,0.0000,0.0000,0.0000,0.0000,-16.4182,0.0000,0.0000,0.0000,154.7295,0.0000,0.0000,-3.1178,0.0000,-66.5166,143.2156,0.0000,-12.1814,0.0000,-35.9105,
-13.0602,0.0000,0.0000,1258.9220,0.0000,-4.1284,-75.7132,0.0000,0.0000,0.0000,0.0000,0.0000,0.0000,-7.2967,-39.2008,0.0000,0.0000,0.0000,0.0000,0.0000,0.0000,0.0000,-13.0534,11.1688,0.0000,0.0000,0.0000,514.3933,0.0000,-16.9678,
-1.0459,0.0000,0.0000,1.7985,0.0000,0.0000,69.6920,0.0000,0.0000,11.5309,0.0000,0.0000,0.0000,-0.9989,0.0000,0.0000,0.0000,-30.7997,0.0000,0.0000,0.0000,0.0000,-10.9541,0.0000,0.0000,-21.6693,69.9221,18.9318,0.0000,-41.8853,
-7.5016,0.0000,0.0000,-2.2776,0.0000,0.0000,-30.4881,0.0000,0.0000,0.0000,0.0000,0.0000,0.0000,0.0000,0.0000,-53.0612,2043.8406,0.0000,0.0000,-49.2268,0.0000,0.0000,158.5024,0.0000,0.0000,1452.9676,0.0000,-16.4383,0.0000,-44.6141,
22.8147,0.0000,0.0000,22.8146,22.8103,0.0000,-27.7337,0.0000,0.0000,0.0000,0.0000,0.0000,0.0000,0.0000,0.0000,0.0000,0.0000,-99.9884,0.0000,0.0000,0.0000,0.0000,0.0000,0.0000,0.0000,0.2591,0.0000,-100.0021,0.0000,4.6595,
6.2476,0.0000,0.0000,7.8839,902.7246,0.0000,2307.9608,0.0000,0.0000,-31.0380,0.0000,0.0000,0.0000,22.1859,38.3128,0.0000,0.0000,-2.8217,0.0000,-25.5979,0.0000,0.0000,-28.1272,33.7011,-81.3843,0.0000,1249.4889,6.2460,0.0000,21.6476,
-14.0256,0.0000,0.0000,71.5406,0.0000,0.0000,-66.9630,0.0000,0.0000,33.7370,0.0000,0.0000,25.9642,-46.1818,100.9879,0.0000,-95.6248,0.0000,0.0000,-60.5222,0.0000,0.0000,-16.6263,6.4676,-28.3012,377.0115,-61.0080,0.0000,0.0000,56.0566,
-16.9750,0.0000,0.0000,-16.2780,-32.6400,-16.9765,-15.2335,0.0000,0.0000,0.0000,0.0000,0.0000,0.0000,-9.4334,-4.0450,0.0000,0.0000,0.0000,0.0000,92.9217,0.0000,0.0000,101.3475,-14.6934,-8.9774,-59.7934,22.2743,0.0000,0.0000,-51.8519,
-23.4954,0.0000,0.0000,89.3639,0.0000,0.0000,-40.4705,0.0000,0.0000,0.0000,0.0000,0.0000,0.0000,-23.7209,39.6144,0.0000,0.0000,0.0000,0.0000,0.0000,0.0000,0.0000,-78.5151,-28.6290,0.0000,-62.1212,167.1266,0.0000,0.0000,-47.2737,
-1.5146,0.0000,0.0000,0.0038,-41.7685,0.0000,43.9639,0.0000,0.0000,-13.8365,0.0000,0.0000,0.0000,0.0000,0.0000,0.0000,0.0000,0.0000,0.0000,0.0000,0.0000,0.0000,41.9221,0.0000,0.0000,4824.8788,0.0000,625.7497,0.0000,-33.7132,
-8.0909,0.0000,0.0000,-3.4822,0.0000,0.0000,2.4918,0.0000,0.0000,-63.2870,0.0000,0.0000,0.0000,383.1551,24.0988,177.8504,158.1984,0.0000,0.0000,-9.4103,0.0000,0.0000,-4.1664,174.1417,0.0000,1240.7927,-18.4058,0.0000,0.0000,-33.0289,
-15.9276,0.0000,0.0000,90.5274,0.0000,-15.2231,-26.0959,0.0000,0.0000,274.2668,0.0000,0.0000,0.0000,-8.0527,0.0000,0.0000,0.0000,0.0000,0.0000,-84.4147,0.0000,0.0000,24.9634,-22.9245,0.0000,28.6357,0.0000,0.0000,0.0000,-11.1737,
